[x]	[y]	[x]	[y]
5681348.09	7428797.99	5681569.30	7428757.78
5681569.30	7428757.78	5681553.58	7428736.97
5681569.30	7428757.78	5681615.58	7428749.62
5681522.13	7428695.78	5681729.56	7428609.87
5681727.90	7428604.86	5681729.56	7428609.87
5681727.90	7428604.86	5681732.09	7428617.52
5681727.90	7428604.86	5681727.36	7428598.19
5681522.13	7428695.78	5681523.43	7428697.51
5681522.13	7428695.78	5681512.20	7428682.65
5681385.29	7429050.17	5681863.26	7428964.59
5681863.26	7428964.59	5681867.94	7428990.57
5681863.26	7428964.59	5681920.58	7428954.33
5681920.58	7428954.33	5681955.74	7428998.87
5681418.03	7429279.57	5682035.99	7429169.62
5682035.99	7429169.62	5682034.93	7429162.79
5682034.93	7429162.79	5682072.08	7429156.27
5682072.08	7429156.27	5682076.78	7429162.36
5682076.78	7429162.36	5682085.74	7429173.98
5682085.74	7429173.98	5682093.42	7429183.95
5682093.42	7429183.95	5682128.05	7429229.25
5682093.42	7429183.95	5682041.40	7429193.41
5682041.40	7429193.41	5682038.86	7429182.39
5682038.86	7429182.39	5682085.74	7429173.98
5682076.78	7429162.36	5682035.99	7429169.62
5682035.99	7429169.62	5682038.86	7429182.39
5682038.86	7429182.39	5681419.98	7429293.43
5681439.38	7429430.83	5681440.71	7429440.24
5681440.71	7429440.24	5682175.83	7429307.68
5682175.83	7429307.68	5682184.23	7429324.50
5682184.23	7429324.50	5682190.13	7429336.69
5682175.83	7429307.68	5682171.60	7429299.23
5682171.60	7429299.23	5682160.46	7429276.94
5682160.46	7429276.94	5682152.81	7429261.65
5682160.46	7429276.94	5682041.46	7429298.77
5682041.46	7429298.77	5682045.87	7429321.83
5682045.87	7429321.83	5682171.60	7429299.23
5682045.87	7429321.83	5681439.38	7429430.83
5681443.38	7429459.16	5681442.26	7429451.21
5681443.38	7429459.16	5681445.17	7429472.37
5681443.38	7429459.16	5682184.23	7429324.50
5682191.48	7429339.49	5682196.78	7429350.52
5682196.78	7429350.52	5682207.64	7429373.30
5682207.64	7429373.30	5682215.60	7429390.11
5682207.64	7429373.30	5682154.01	7429383.04
5682154.01	7429383.04	5682114.25	7429390.23
5682114.25	7429390.23	5682077.54	7429396.86
5682114.25	7429390.23	5682108.07	7429365.63
5682108.07	7429365.63	5682072.47	7429372.11
5682154.01	7429383.04	5682152.51	7429367.15
5682152.51	7429367.15	5682196.78	7429350.52
5681445.46	7429474.43	5681447.15	7429485.89
5681447.15	7429485.89	5681448.67	7429496.65
5681448.67	7429496.65	5681450.52	7429509.76
5681450.52	7429509.76	5681453.02	7429527.09
5681447.15	7429485.89	5682072.47	7429372.11
5681450.52	7429509.76	5682077.54	7429396.86
5681468.77	7429633.22	5681469.13	7429636.16
5681469.13	7429636.16	5681471.98	7429655.87
5681469.13	7429636.16	5682119.90	7429518.77
5682295.36	7429551.32	5682300.62	7429562.10
5682300.62	7429562.10	5682302.39	7429565.72
5682302.39	7429565.72	5682313.06	7429587.64
5682313.06	7429587.64	5682324.77	7429611.68
5682313.06	7429587.64	5682234.34	7429601.92
5682234.34	7429601.92	5682224.24	7429580.26
5682224.24	7429580.26	5682302.39	7429565.72
5682300.62	7429562.10	5682094.13	7429599.88
5682094.13	7429599.88	5681480.26	7429710.64
5681484.28	7429737.54	5682104.44	7429625.47
5682104.44	7429625.47	5682095.62	7429603.59
5682095.62	7429603.59	5682224.24	7429580.26
5682104.44	7429625.47	5682234.34	7429601.92
5681521.67	7429991.76	5681522.91	7430000.73
5681522.91	7430000.73	5681525.20	7430017.40
5681525.20	7430017.40	5681525.62	7430020.37
5681525.20	7430017.40	5682188.82	7429897.15
5682188.82	7429897.15	5682187.17	7429880.42
5682187.17	7429880.42	5682186.26	7429871.25
5682187.17	7429880.42	5681522.91	7430000.73
5682187.17	7429880.42	5682370.52	7429846.82
5682370.52	7429846.82	5682367.90	7429838.32
5682370.52	7429846.82	5682434.87	7429835.88
5682434.87	7429835.88	5682430.43	7429826.99
5682434.87	7429835.88	5682441.61	7429849.70
5682542.01	7429937.21	5682545.97	7429936.50
5682545.97	7429936.50	5682549.39	7429935.88
5682542.89	7429835.97	5682548.69	7429834.91
5682548.69	7429834.91	5682554.05	7429833.94
5682883.03	7429876.06	5682884.36	7429875.84
5682884.36	7429875.84	5682929.88	7429765.58
5682929.88	7429765.58	5682915.45	7429768.20
5682884.36	7429875.84	5682899.52	7429874.60
5682899.52	7429874.60	5682910.45	7429873.71
5682899.52	7429874.60	5682947.05	7429762.46
5682947.05	7429762.46	5682929.88	7429765.58
5682947.05	7429762.46	5682948.42	7429762.21
5682948.42	7429762.21	5682952.00	7429756.94
5682952.00	7429756.94	5682951.96	7429755.70
5682951.96	7429755.70	5682953.51	7429755.84
5682953.51	7429755.84	5683017.12	7429761.65
5683071.39	7429766.61	5683120.18	7429771.07
5683120.18	7429771.07	5683219.07	7429780.11
5683219.07	7429780.11	5683325.33	7429789.82
5683325.33	7429789.82	5683327.42	7429776.69
5683325.33	7429789.82	5683418.93	7429798.38
5683418.93	7429798.38	5683444.13	7429800.68
5683444.13	7429800.68	5683508.16	7429806.53
5683508.16	7429806.53	5683601.17	7429815.03
5683601.17	7429815.03	5683646.60	7429819.18
5683646.60	7429819.18	5683637.71	7429837.17
5683653.01	7429808.30	5683665.02	7429794.05
5683665.02	7429794.05	5683669.72	7429786.92
5683669.72	7429786.92	5683675.85	7429777.63
5683669.72	7429786.92	5683629.91	7429783.32
5683629.91	7429783.32	5683629.25	7429790.78
5683629.25	7429790.78	5683665.02	7429794.05
5683629.25	7429790.78	5683605.36	7429788.67
5683605.36	7429788.67	5683603.13	7429803.17
5683603.13	7429803.17	5683601.17	7429815.03
5683605.36	7429788.67	5683512.34	7429780.27
5683512.34	7429780.27	5683509.71	7429796.82
5683509.71	7429796.82	5683508.16	7429806.53
5683444.13	7429800.68	5683445.64	7429790.99
5683445.64	7429790.99	5683509.71	7429796.82
5683445.64	7429790.99	5683448.21	7429774.48
5683448.21	7429774.48	5683512.34	7429780.27
5683418.93	7429798.38	5683420.68	7429784.83
5683420.68	7429784.83	5683422.31	7429772.14
5683422.31	7429772.14	5683448.21	7429774.48
5683327.42	7429776.69	5683420.68	7429784.83
5683422.31	7429772.14	5683393.08	7429769.50
5683393.08	7429769.50	5683329.49	7429763.76
5683329.49	7429763.76	5683327.42	7429776.69
5683393.08	7429769.50	5683393.45	7429762.17
5683388.62	7429757.85	5683281.06	7429748.12
5683281.06	7429748.12	5683281.22	7429752.12
5683279.20	7429751.94	5683279.33	7429759.33
5683279.33	7429759.33	5683329.49	7429763.76
5683281.22	7429752.12	5683393.45	7429762.17
5683393.45	7429762.17	5683629.91	7429783.32
5683279.33	7429759.33	5683223.32	7429754.17
5683223.32	7429754.17	5683221.19	7429767.19
5683221.19	7429767.19	5683219.07	7429780.11
5683223.32	7429754.17	5683124.33	7429745.23
5683124.33	7429745.23	5683122.27	7429758.07
5683122.27	7429758.07	5683120.18	7429771.07
5683124.33	7429745.23	5683075.03	7429740.78
5683075.03	7429740.78	5683073.34	7429752.78
5683073.34	7429752.78	5683073.18	7429753.65
5683073.18	7429753.65	5683071.39	7429766.61
5683073.18	7429753.65	5683122.27	7429758.07
5683073.34	7429752.78	5683019.23	7429747.86
5683075.03	7429740.78	5683060.30	7429739.45
5683060.30	7429739.45	5683060.94	7429732.39
5683060.94	7429732.39	5683281.22	7429752.12
5683060.94	7429732.39	5682951.05	7429722.54
5682951.05	7429722.54	5682951.24	7429729.61
5682951.24	7429729.61	5682951.59	7429741.62
5682951.59	7429741.62	5682951.96	7429755.70
5682951.59	7429741.62	5683019.23	7429747.86
5683019.23	7429747.86	5683021.05	7429735.91
5683021.05	7429735.91	5682951.24	7429729.61
5683021.05	7429735.91	5683060.30	7429739.45
5683517.83	7429659.78	5683485.87	7429643.18
5683485.87	7429643.18	5683415.51	7429636.42
5683415.51	7429636.42	5683412.67	7429649.74
5683412.67	7429649.74	5683517.83	7429659.78
5683517.83	7429659.78	5683534.45	7429668.25
5683485.87	7429643.18	5683472.64	7429636.06
5683415.51	7429636.42	5683280.62	7429623.47
5683280.62	7429623.47	5683278.47	7429636.85
5683278.47	7429636.85	5683412.67	7429649.74
5683280.62	7429623.47	5682970.35	7429593.67
5682970.35	7429593.67	5682957.54	7429606.03
5682957.54	7429606.03	5683278.47	7429636.85
5682977.00	7429587.26	5682970.35	7429593.67
5682957.54	7429606.03	5682951.71	7429611.65
5682945.05	7429695.10	5682943.27	7429682.31
5682943.27	7429682.31	5682939.69	7429656.55
5682939.69	7429656.55	5682938.46	7429647.73
5682935.04	7429623.16	5682933.67	7429613.55
5682933.67	7429613.55	5682930.07	7429588.40
5682930.07	7429588.40	5682925.23	7429554.54
5682930.07	7429588.40	5682595.15	7429649.84
5682595.15	7429649.84	5682374.54	7429690.73
5682374.54	7429690.73	5682375.55	7429692.73
5682375.55	7429692.73	5682509.16	7429668.59
5682509.16	7429668.59	5682518.08	7429689.80
5682518.08	7429689.80	5682386.28	7429713.97
5682386.28	7429713.97	5682375.55	7429692.73
5682386.28	7429713.97	5682390.22	7429722.05
5682518.08	7429689.80	5682597.17	7429675.28
5682597.17	7429675.28	5682933.67	7429613.55
5682904.42	7429407.03	5682903.98	7429404.25
5682903.98	7429404.25	5683087.32	7429415.40
5683087.32	7429415.40	5683088.97	7429408.97
5683088.97	7429408.97	5682903.01	7429397.02
5682903.01	7429397.02	5682903.74	7429402.47
5682903.74	7429402.47	5682903.98	7429404.25
5682903.01	7429397.02	5682901.80	7429387.99
5682901.80	7429387.99	5683090.67	7429402.39
5683090.67	7429402.39	5683088.97	7429408.97
5683090.67	7429402.39	5683093.86	7429389.94
5683093.86	7429389.94	5682900.05	7429374.97
5682900.05	7429374.97	5682901.80	7429387.99
5682900.05	7429374.97	5682899.49	7429370.80
5683093.86	7429389.94	5683148.01	7429394.12
5683148.01	7429394.12	5683137.82	7429418.47
5683137.82	7429418.47	5683087.32	7429415.40
5683148.01	7429394.12	5683149.71	7429390.06
5683137.82	7429418.47	5683132.18	7429431.94
5683197.34	7429276.40	5683199.00	7429269.71
5683199.00	7429269.71	5683198.81	7429269.87
5683199.00	7429269.71	5683200.36	7429264.26
5683200.36	7429264.26	5683200.84	7429262.30
5683200.36	7429264.26	5683296.92	7429273.39
5683215.86	7429212.41	5683218.00	7429205.61
5683218.00	7429205.61	5683219.56	7429205.79
5683219.56	7429205.79	5683395.89	7429222.06
5683395.89	7429222.06	5683397.84	7429209.44
5683397.84	7429209.44	5683223.54	7429193.31
5683223.54	7429193.31	5683221.92	7429193.15
5683221.92	7429193.15	5683223.84	7429187.05
5683221.92	7429193.15	5683218.00	7429205.61
5683397.84	7429209.44	5683739.53	7429240.44
5683739.53	7429240.44	5683738.87	7429233.74
5683739.53	7429240.44	5683739.31	7429253.24
5683739.31	7429253.24	5683740.81	7429260.52
5683739.31	7429253.24	5683395.89	7429222.06
5684075.01	7429200.61	5684075.50	7429205.15
5684075.50	7429205.15	5684076.89	7429218.28
5684075.50	7429205.15	5683835.51	7429182.90
5683835.51	7429182.90	5683835.63	7429175.55
5683835.51	7429182.90	5683739.34	7429173.99
5683739.34	7429173.99	5683739.27	7429166.74
5683739.34	7429173.99	5683738.19	7429187.18
5683737.06	7429146.28	5683737.14	7429153.73
5683737.14	7429153.73	5683737.21	7429160.09
5683737.21	7429160.09	5683737.28	7429166.56
5683737.14	7429153.73	5683608.12	7429141.98
5683608.12	7429141.98	5683611.22	7429148.68
5683611.22	7429148.68	5683737.21	7429160.09
5683608.12	7429141.98	5683274.18	7429110.88
5683274.18	7429110.88	5683276.76	7429117.71
5683276.76	7429117.71	5683611.22	7429148.68
5683274.18	7429110.88	5683246.21	7429108.29
5683246.21	7429108.29	5683236.25	7429107.42
5683236.25	7429107.42	5683240.50	7429100.81
5683236.25	7429107.42	5683237.04	7429114.09
5683237.04	7429114.09	5683237.78	7429121.05
5683237.04	7429114.09	5683276.76	7429117.71
5683234.05	7429113.83	5683234.79	7429120.78
5683234.79	7429120.78	5683235.59	7429127.44
5683235.59	7429127.44	5683235.20	7429140.51
5683234.79	7429120.78	5683147.22	7429113.07
5683147.22	7429113.07	5683144.75	7429119.34
5683144.75	7429119.34	5683235.59	7429127.44
5683147.22	7429113.07	5682859.16	7429087.71
5682859.16	7429087.71	5682860.10	7429093.94
5682860.10	7429093.94	5683144.75	7429119.34
5682858.16	7429081.09	5682859.16	7429087.71
5682860.10	7429093.94	5682860.87	7429099.08
5682869.20	7429153.52	5682870.02	7429159.66
5682870.02	7429159.66	5682872.02	7429172.91
5682872.02	7429172.91	5682872.49	7429175.42
5682872.02	7429172.91	5683159.97	7429200.50
5683159.97	7429200.50	5683162.19	7429187.76
5683162.19	7429187.76	5682870.02	7429159.66
5683162.19	7429187.76	5683218.37	7429192.82
5683218.37	7429192.82	5683220.19	7429186.56
5683218.37	7429192.82	5683214.68	7429205.52
5683214.68	7429205.52	5683212.76	7429212.12
5683214.68	7429205.52	5683159.97	7429200.50
5682870.21	7429412.81	5682877.08	7429417.14
5682877.08	7429417.14	5682889.80	7429424.83
5682889.80	7429424.83	5682899.46	7429430.34
5682889.80	7429424.83	5682579.42	7429479.94
5682579.42	7429479.94	5682337.95	7429524.36
5682337.95	7429524.36	5682334.16	7429516.55
5682334.16	7429516.55	5682578.16	7429472.46
5682578.16	7429472.46	5682877.08	7429417.14
5682334.16	7429516.55	5682293.79	7429524.20
5682293.79	7429524.20	5682291.35	7429518.90
5682293.79	7429524.20	5682300.32	7429538.39
5682300.32	7429538.39	5682305.95	7429549.80
5682271.62	7429479.35	5682265.99	7429468.20
5682265.99	7429468.20	5682254.22	7429443.92
5682254.22	7429443.92	5682242.43	7429419.32
5682242.43	7429419.32	5682238.94	7429412.01
5682238.94	7429412.01	5682234.97	7429403.81
5682234.97	7429403.81	5682227.73	7429387.57
5682227.73	7429387.57	5682220.43	7429371.00
5682220.43	7429371.00	5682209.04	7429346.36
5682220.43	7429371.00	5682296.36	7429357.36
5682296.36	7429357.36	5682299.32	7429374.52
5682299.32	7429374.52	5682227.73	7429387.57
5682299.32	7429374.52	5682338.64	7429367.36
5682338.64	7429367.36	5682469.64	7429343.49
5682469.64	7429343.49	5682466.84	7429326.74
5682466.84	7429326.74	5682296.36	7429357.36
5682466.84	7429326.74	5682552.50	7429311.82
5682635.20	7429295.43	5682641.34	7429294.31
5682641.34	7429294.31	5682645.81	7429293.49
5682645.81	7429293.49	5682674.24	7429288.31
5682674.24	7429288.31	5682696.24	7429302.73
5682696.24	7429302.73	5682554.80	7429327.97
5682552.50	7429311.82	5682635.20	7429295.43
5682554.80	7429327.97	5682469.64	7429343.49
5682696.24	7429302.73	5682717.35	7429316.53
5682717.35	7429316.53	5682557.60	7429345.45
5682557.60	7429345.45	5682341.74	7429384.50
5682341.74	7429384.50	5682342.49	7429393.29
5682342.49	7429393.29	5682342.84	7429401.40
5682342.84	7429401.40	5682560.35	7429362.57
5682560.35	7429362.57	5682738.41	7429330.28
5682738.41	7429330.28	5682727.98	7429323.46
5682727.98	7429323.46	5682559.29	7429354.28
5682559.29	7429354.28	5682342.49	7429393.29
5682717.35	7429316.53	5682727.98	7429323.46
5682342.49	7429393.29	5682305.55	7429400.02
5682305.55	7429400.02	5682303.85	7429391.35
5682303.85	7429391.35	5682341.74	7429384.50
5682303.85	7429391.35	5682234.97	7429403.81
5682242.43	7429419.32	5682342.84	7429401.40
5682254.22	7429443.92	5682301.44	7429435.31
5682301.44	7429435.31	5682297.54	7429422.67
5682301.44	7429435.31	5682564.31	7429387.36
5682305.53	7429440.05	5682309.26	7429460.20
5682309.26	7429460.20	5682265.99	7429468.20
5682309.26	7429460.20	5682568.30	7429412.35
5682568.30	7429412.35	5682797.64	7429369.01
5682797.64	7429369.01	5682799.41	7429370.16
5682797.64	7429369.01	5682774.06	7429353.59
5682774.06	7429353.59	5682767.99	7429349.62
5682774.06	7429353.59	5682565.19	7429392.89
5682565.19	7429392.89	5682305.53	7429440.05
5682165.90	7429259.28	5682171.43	7429270.08
5682171.43	7429270.08	5682198.01	7429322.03
5682171.43	7429270.08	5682239.41	7429258.09
5682239.41	7429258.09	5682244.27	7429285.29
5682244.27	7429285.29	5682245.96	7429294.76
5682244.27	7429285.29	5682539.36	7429232.66
5682057.72	7429137.56	5682072.08	7429156.27
5683125.74	7428602.81	5683118.44	7428598.97
5683118.44	7428598.97	5683058.42	7428567.22
5683058.42	7428567.22	5682985.07	7428528.91
5682957.08	7428509.63	5682964.23	7428515.86
5682964.23	7428515.86	5682987.03	7428524.33
5682964.23	7428515.86	5682772.15	7428478.21
5682772.15	7428478.21	5682769.37	7428458.92
5682769.37	7428458.92	5682838.95	7428374.26
5682838.95	7428374.26	5682845.94	7428382.41
5682838.95	7428374.26	5682832.09	7428366.28
5682832.09	7428366.28	5682790.10	7428317.38
5682832.09	7428366.28	5682768.57	7428453.47
5682768.57	7428453.47	5682769.37	7428458.92
5682761.93	7428407.36	5682768.57	7428453.47
5682772.96	7428483.85	5682962.85	7428520.37
5682772.96	7428483.85	5682777.14	7428512.68
5682777.14	7428512.68	5682780.64	7428536.91
5682780.64	7428536.91	5682781.15	7428540.56
5682780.64	7428536.91	5683058.42	7428567.22
5682781.15	7428540.56	5682785.30	7428568.03
5682785.30	7428568.03	5682787.37	7428581.67
5682785.30	7428568.03	5683118.44	7428598.97
5682787.37	7428581.67	5682423.45	7428646.16
5682431.16	7428655.88	5682788.74	7428590.76
5682787.37	7428581.67	5682788.05	7428586.21
5682788.05	7428586.21	5682788.85	7428591.30
5682788.85	7428591.30	5682791.07	7428606.03
5682791.07	7428606.03	5682792.58	7428616.17
5682792.58	7428616.17	5682793.27	7428620.70
5682792.58	7428616.17	5681999.60	7428759.33
5682781.15	7428540.56	5682648.17	7428564.53
5682648.17	7428564.53	5682637.12	7428537.78
5682637.12	7428537.78	5682777.14	7428512.68
5682772.96	7428483.85	5682624.77	7428507.93
5682624.77	7428507.93	5682637.12	7428537.78
5682624.77	7428507.93	5682578.49	7428515.45
5682578.49	7428515.45	5682583.67	7428547.37
5682583.67	7428547.37	5682583.95	7428549.10
5682583.95	7428549.10	5682559.25	7428555.42
5682559.25	7428555.42	5682563.63	7428579.77
5682563.63	7428579.77	5682648.17	7428564.53
5682583.67	7428547.37	5682637.12	7428537.78
5682583.67	7428547.37	5682048.39	7428642.23
5682048.39	7428642.23	5682042.85	7428611.32
5682042.85	7428611.32	5682349.81	7428553.03
5682048.39	7428642.23	5682053.68	7428671.77
5682053.68	7428671.77	5682563.63	7428579.77
5682042.85	7428611.32	5681916.07	7428635.60
5681916.07	7428635.60	5681914.62	7428638.92
5681916.07	7428635.60	5681905.25	7428637.57
5681905.25	7428637.57	5681907.74	7428640.17
5681924.61	7428694.61	5682053.68	7428671.77
5681924.61	7428694.61	5681890.16	7428700.80
5681924.61	7428694.61	5681919.36	7428665.36
5681905.25	7428637.57	5681873.94	7428643.63
5681890.16	7428700.80	5681867.20	7428704.92
5681867.20	7428704.92	5681865.75	7428697.33
5681873.94	7428643.63	5681856.18	7428647.03
5681856.18	7428647.03	5681858.98	7428661.81
5681856.18	7428647.03	5681798.77	7428658.00
5681798.77	7428658.00	5681801.86	7428661.98
5681798.77	7428658.00	5681768.54	7428663.78
5681867.20	7428704.92	5681813.55	7428714.56
5681813.55	7428714.56	5681807.46	7428686.55
5681813.55	7428714.56	5681777.15	7428721.09
5681777.15	7428721.09	5681779.03	7428724.71
5681779.03	7428724.71	5681801.38	7428718.24
5681777.15	7428721.09	5681768.40	7428694.31
5681768.40	7428694.31	5681762.44	7428676.07
5681762.44	7428676.07	5681759.02	7428665.60
5681759.02	7428665.60	5681765.69	7428659.71
5681759.02	7428665.60	5681741.78	7428681.41
5681779.03	7428724.71	5681797.60	7428760.49
5681797.60	7428760.49	5681833.57	7428753.92
5681833.57	7428753.92	5681824.52	7428731.32
5681833.57	7428753.92	5682423.45	7428646.16
5682431.16	7428655.88	5681995.14	7428734.63
5681995.14	7428734.63	5681999.60	7428759.33
5681995.14	7428734.63	5681855.40	7428759.86
5681855.40	7428759.86	5681872.56	7428782.27
5681872.56	7428782.27	5681999.60	7428759.33
5681855.40	7428759.86	5681802.26	7428769.46
5681802.26	7428769.46	5681814.36	7428792.78
5681814.36	7428792.78	5681872.56	7428782.27
5681797.60	7428760.49	5681802.26	7428769.46
5681814.36	7428792.78	5681817.08	7428798.01
5681872.56	7428782.27	5681889.91	7428804.94
5682610.23	7428354.50	5682609.96	7428354.12
5682609.96	7428354.12	5682592.68	7428329.88
5682592.68	7428329.88	5682510.07	7428307.96
5682510.07	7428307.96	5682477.10	7428284.63
5682477.10	7428284.63	5682440.03	7428258.40
5682609.96	7428354.12	5682277.38	7428410.34
5682277.38	7428410.34	5681919.31	7428469.53
5681919.31	7428469.53	5681914.27	7428430.34
5681919.31	7428469.53	5681827.78	7428484.66
5681862.45	7428553.55	5681858.88	7428554.14
5681862.45	7428553.55	5681855.74	7428509.85
5681855.74	7428509.85	5682080.33	7428473.91
5682080.33	7428473.91	5682087.30	7428516.59
5682087.30	7428516.59	5682312.06	7428479.65
5682087.30	7428516.59	5681862.45	7428553.55
5681827.78	7428484.66	5681842.42	7428447.66
5681842.42	7428447.66	5681914.27	7428430.34
5681842.42	7428447.66	5681845.40	7428440.13
5681845.40	7428440.13	5681853.81	7428418.88
5681845.40	7428440.13	5681953.94	7428410.08
5682262.19	7428336.78	5682477.10	7428284.63
5681747.09	7428662.25	5681749.74	7428659.79
5681749.74	7428659.79	5681732.09	7428617.52
5681749.74	7428659.79	5681756.19	7428654.09
5681756.19	7428654.09	5681728.76	7428575.78
5681728.76	7428575.78	5681749.10	7428570.34
5681749.10	7428570.34	5681788.76	7428566.00
5681788.76	7428566.00	5681787.95	7428564.64
5681756.19	7428654.09	5681768.48	7428643.22
5681768.48	7428643.22	5681788.76	7428566.00
5681788.76	7428566.00	5681815.92	7428486.63
5681728.76	7428575.78	5681729.30	7428557.60
5681729.30	7428557.60	5681726.58	7428501.45
5681761.70	7428643.50	5681764.66	7428639.86
5681764.66	7428639.86	5681773.09	7428612.77
5681773.09	7428612.77	5681779.39	7428592.56
5681779.39	7428592.56	5681779.29	7428590.22
5681779.29	7428590.22	5681778.73	7428588.82
5681778.73	7428588.82	5681775.22	7428586.09
5681775.22	7428586.09	5681773.68	7428585.97
5681773.68	7428585.97	5681756.06	7428588.30
5681756.06	7428588.30	5681752.55	7428588.80
5681752.55	7428588.80	5681747.13	7428593.09
5681747.13	7428593.09	5681744.93	7428597.53
5681744.93	7428597.53	5681744.50	7428604.01
5681744.50	7428604.01	5681773.09	7428612.77
5681744.50	7428604.01	5681744.42	7428605.12
5681744.42	7428605.12	5681745.96	7428610.37
5681745.96	7428610.37	5681751.57	7428631.50
5681751.57	7428631.50	5681753.12	7428637.30
5681753.12	7428637.30	5681755.02	7428644.12
5681755.02	7428644.12	5681759.22	7428644.76
5681759.22	7428644.76	5681761.70	7428643.50
5681726.58	7428501.45	5681733.20	7428500.35
5681733.20	7428500.35	5681734.24	7428500.17
5681734.24	7428500.17	5681736.98	7428560.50
5681734.24	7428500.17	5681763.02	7428495.40
5681763.02	7428495.40	5681771.52	7428493.99
5681763.02	7428495.40	5681762.32	7428518.96
5681771.52	7428493.99	5681768.42	7428460.44
5681768.42	7428460.44	5681763.65	7428444.64
5681768.42	7428460.44	5681833.29	7428443.48
5681763.65	7428444.64	5681841.89	7428422.15
5681726.58	7428501.45	5681724.88	7428471.82
5681724.88	7428471.82	5681768.42	7428460.44
5681724.88	7428471.82	5681722.98	7428456.33
5681722.98	7428456.33	5681763.65	7428444.64
5681722.98	7428456.33	5681720.76	7428424.54
5681720.76	7428424.54	5681723.14	7428423.78
5681723.14	7428423.78	5681727.99	7428454.89
5681723.14	7428423.78	5681808.26	7428396.53
5681808.26	7428396.53	5681803.63	7428382.49
5681803.63	7428382.49	5681717.69	7428409.55
5681717.69	7428409.55	5681715.26	7428410.32
5681715.26	7428410.32	5681720.76	7428424.54
5681723.14	7428423.78	5681717.69	7428409.55
5681803.63	7428382.49	5681865.73	7428362.93
5681865.73	7428362.93	5681858.71	7428380.38
5681858.71	7428380.38	5681808.26	7428396.53
5681715.26	7428410.32	5681709.75	7428396.11
5681709.75	7428396.11	5681712.21	7428395.29
5681712.21	7428395.29	5681717.69	7428409.55
5681712.21	7428395.29	5681873.03	7428344.62
5681709.75	7428396.11	5681703.55	7428382.10
5681703.55	7428382.10	5681706.72	7428381.04
5681706.72	7428381.04	5681712.21	7428395.29
5681706.72	7428381.04	5681881.11	7428324.58
5681703.55	7428382.10	5681695.14	7428363.11
5681695.14	7428363.11	5681699.29	7428361.75
5681699.29	7428361.75	5681706.72	7428381.04
5681691.51	7428343.20	5681699.29	7428361.75
5681686.76	7428344.71	5681695.14	7428363.11
5681699.29	7428361.75	5681891.07	7428299.89
5681903.99	7428317.22	5681920.12	7428311.95
5681920.12	7428311.95	5681924.75	7428307.31
5681924.75	7428307.31	5681936.64	7428355.43
5681924.75	7428307.31	5681949.26	7428282.33
5681949.26	7428282.33	5681902.52	7428296.47
5681949.26	7428282.33	5682233.06	7428196.49
5681949.26	7428282.33	5681977.22	7428253.83
5681924.29	7428211.52	5681941.66	7428164.00
5681941.66	7428164.00	5681958.15	7428118.91
5681941.66	7428164.00	5681786.57	7428213.70
5681786.57	7428213.70	5681654.03	7428256.12
5681654.03	7428256.12	5681670.08	7428292.13
5681666.40	7428293.31	5681651.86	7428256.98
5681651.86	7428256.98	5681654.03	7428256.12
5681651.86	7428256.98	5681637.48	7428221.04
5681637.48	7428221.04	5681638.21	7428220.65
5681637.48	7428221.04	5681631.68	7428206.55
5681631.68	7428206.55	5681632.47	7428206.23
5681631.68	7428206.55	5681628.87	7428199.44
5681628.87	7428199.44	5681629.66	7428199.16
5681628.87	7428199.44	5681625.92	7428192.15
5681625.92	7428192.15	5681626.74	7428191.83
5681625.92	7428192.15	5681621.60	7428181.58
5681621.60	7428181.58	5681622.54	7428181.28
5681621.60	7428181.58	5681617.22	7428170.62
5681981.33	7428055.53	5681976.56	7428068.58
5681976.56	7428068.58	5681971.49	7428082.42
5681976.56	7428068.58	5681622.54	7428181.28
5681568.63	7428036.58	5681566.97	7428031.32
5681566.97	7428031.32	5681567.41	7428031.18
5681567.41	7428031.18	5681605.37	7428019.11
5681605.37	7428019.11	5681601.65	7428006.89
5681601.65	7428006.89	5681563.15	7428019.10
5681563.15	7428019.10	5681561.31	7428013.17
5681563.15	7428019.10	5681567.41	7428031.18
5681566.97	7428031.32	5681563.19	7428019.33
5681567.41	7428031.18	5681569.28	7428036.38
5681601.65	7428006.89	5682045.63	7427865.90
5682045.63	7427865.90	5682042.32	7427878.85
5682042.32	7427878.85	5682041.87	7427880.24
5682041.87	7427880.24	5681605.37	7428019.11
5682047.51	7427858.82	5682045.63	7427865.90
5682041.87	7427880.24	5682039.50	7427887.83
5682047.51	7427858.82	5682051.61	7427842.47
5682051.61	7427842.47	5682054.22	7427832.34
5682051.61	7427842.47	5681576.93	7427994.50
5681576.93	7427994.50	5681581.52	7427950.14
5681581.52	7427950.14	5681992.32	7427814.14
5681992.32	7427814.14	5682013.97	7427819.06
5681984.11	7427812.27	5681992.32	7427814.14
5681529.43	7427924.60	5681535.37	7427943.71
5681535.37	7427943.71	5681539.52	7427956.88
5681535.37	7427943.71	5681532.57	7427944.65
5681543.92	7427772.08	5681536.43	7427815.70
5681540.34	7427814.95	5681536.43	7427815.70
5681536.43	7427815.70	5681536.10	7427827.30
5681536.10	7427827.30	5681540.22	7427826.32
5681536.10	7427827.30	5681535.78	7427838.91
5681535.78	7427838.91	5681540.10	7427837.70
5681535.78	7427838.91	5681535.43	7427851.42
5681535.43	7427851.42	5681539.97	7427849.93
5681535.43	7427851.42	5681535.05	7427869.56
5681571.87	7427670.65	5681560.42	7427701.31
5681560.42	7427701.31	5681554.42	7427700.36
5681554.42	7427700.36	5681544.67	7427698.80
5681544.67	7427698.80	5681559.39	7427664.30
5681560.42	7427701.31	5681551.89	7427724.16
5681544.67	7427698.80	5681535.01	7427721.44
5681535.01	7427721.44	5681532.93	7427726.32
5681532.93	7427726.32	5681526.76	7427736.16
5681556.49	7427663.50	5681539.65	7427702.14
5681539.65	7427702.14	5681455.07	7427684.71
5681455.07	7427684.71	5681450.86	7427708.55
5681450.86	7427708.55	5681496.55	7427716.29
5681530.93	7427720.79	5681521.66	7427735.69
5681450.86	7427708.55	5681197.02	7427667.77
5681416.36	7428547.52	5681430.23	7428566.15
5681430.23	7428566.15	5681439.77	7428579.25
5681439.77	7428579.25	5681441.54	7428581.67
5681441.54	7428581.67	5681445.54	7428587.17
5681445.54	7428587.17	5681451.65	7428597.02
5681445.54	7428587.17	5681535.86	7428554.63
5681538.68	7428553.62	5681711.46	7428491.53
5681711.46	7428491.53	5681718.41	7428488.88
5681718.41	7428488.88	5681724.71	7428533.19
5681718.41	7428488.88	5681716.30	7428474.59
5681716.30	7428474.59	5681716.34	7428468.36
5681716.34	7428468.36	5681707.53	7428471.41
5681707.53	7428471.41	5681538.10	7428529.24
5681538.10	7428529.24	5681541.87	7428537.12
5681541.87	7428537.12	5681538.68	7428553.62
5681538.10	7428529.24	5681518.62	7428489.03
5681515.69	7428489.96	5681535.24	7428530.21
5681535.24	7428530.21	5681539.09	7428538.26
5681539.09	7428538.26	5681541.87	7428537.12
5681539.09	7428538.26	5681439.77	7428579.25
5681430.23	7428566.15	5681535.24	7428530.21
5681535.86	7428554.63	5681537.87	7428542.01
5681537.87	7428542.01	5681441.54	7428581.67
5681518.67	7428456.30	5681518.64	7428441.46
5681518.64	7428441.46	5681647.41	7428400.36
5681647.41	7428400.36	5681651.96	7428414.51
5681651.96	7428414.51	5681518.67	7428456.30
5681518.64	7428441.46	5681518.60	7428419.90
5681518.60	7428419.90	5681642.82	7428380.17
5681642.82	7428380.17	5681647.41	7428400.36
5681651.96	7428414.51	5681702.64	7428398.31
5681702.64	7428398.31	5681704.22	7428397.85
5681704.22	7428397.85	5681710.25	7428411.90
5681710.25	7428411.90	5681716.28	7428425.97
5681716.28	7428425.97	5681716.10	7428444.18
5681716.28	7428425.97	5681713.62	7428426.77
5681710.25	7428411.90	5681708.12	7428412.52
5681704.22	7428397.85	5681698.49	7428383.74
5681698.49	7428383.74	5681690.71	7428364.54
5681690.71	7428364.54	5681689.72	7428364.83
5681689.72	7428364.83	5681686.80	7428365.77
5681689.72	7428364.83	5681702.64	7428398.31
5681690.71	7428364.54	5681683.14	7428345.90
5681683.14	7428345.90	5681682.08	7428346.21
5681682.08	7428346.21	5681689.72	7428364.83
5681662.43	7428294.55	5681683.14	7428345.90
5681668.53	7428313.18	5681682.08	7428346.21
5681682.08	7428346.21	5681600.41	7428372.72
5681600.41	7428372.72	5681588.16	7428317.99
5681588.16	7428317.99	5681660.45	7428295.17
5681588.16	7428317.99	5681518.45	7428339.55
5681518.45	7428339.55	5681497.90	7428305.65
5681518.45	7428339.55	5681518.56	7428398.80
5681518.56	7428398.80	5681518.60	7428419.90
5681518.56	7428398.80	5681600.41	7428372.72
5681642.82	7428380.17	5681686.80	7428365.77
5682188.82	7429897.15	5682443.01	7429851.09
5681953.94	7428410.08	5682262.19	7428336.78
5681729.37	7428677.17	5681718.29	7428650.03
5681718.29	7428650.03	5681687.86	7428662.65
5681687.86	7428662.65	5681701.31	7428695.26
5681729.37	7428677.17	5681701.31	7428695.26
5681768.54	7428663.78	5681767.52	7428664.42
5681767.52	7428664.42	5681763.05	7428672.29
5681763.05	7428672.29	5681762.44	7428676.07
5681768.40	7428694.31	5681807.46	7428686.55
5681807.46	7428686.55	5681814.11	7428685.23
5681814.11	7428685.23	5681855.93	7428677.02
5681855.93	7428677.02	5681861.68	7428675.93
5681861.68	7428675.93	5681881.29	7428671.88
5681881.29	7428671.88	5681884.91	7428671.54
5681884.91	7428671.54	5681912.47	7428666.60
5681912.47	7428666.60	5681919.36	7428665.36
5681919.36	7428665.36	5682048.39	7428642.23
5681914.62	7428638.92	5681919.36	7428665.36
5681912.47	7428666.60	5681907.74	7428640.17
5681912.47	7428666.60	5681916.36	7428688.25
5681916.36	7428688.25	5681914.74	7428690.58
5681914.74	7428690.58	5681889.14	7428695.17
5681889.14	7428695.17	5681890.16	7428700.80
5681889.14	7428695.17	5681884.91	7428671.54
5681881.29	7428671.88	5681873.94	7428643.63
5681889.14	7428695.17	5681868.64	7428698.84
5681868.64	7428698.84	5681865.75	7428697.33
5681865.75	7428697.33	5681863.60	7428686.02
5681863.60	7428686.02	5681861.68	7428675.93
5681855.93	7428677.02	5681857.79	7428687.09
5681857.79	7428687.09	5681863.60	7428686.02
5681857.79	7428687.09	5681815.88	7428694.76
5681815.88	7428694.76	5681814.11	7428685.23
5681814.11	7428685.23	5681811.85	7428673.04
5681811.85	7428673.04	5681820.94	7428671.26
5681820.94	7428671.26	5681820.00	7428666.46
5681820.00	7428666.46	5681832.27	7428664.06
5681832.27	7428664.06	5681832.82	7428666.91
5681832.82	7428666.91	5681853.33	7428662.91
5681853.33	7428662.91	5681855.93	7428677.02
5681861.68	7428675.93	5681858.98	7428661.81
5681858.98	7428661.81	5681853.33	7428662.91
5681807.46	7428686.55	5681801.86	7428661.98
5682319.03	7427951.82	5682315.25	7427957.01
5682315.25	7427957.01	5682308.10	7427966.84
5682308.10	7427966.84	5682304.04	7427972.42
5682304.04	7427972.42	5682297.94	7427980.81
5681801.38	7428718.24	5681824.52	7428731.32
5682349.81	7428553.03	5682578.49	7428515.45
5682951.05	7429722.54	5682950.87	7429715.04
5683122.27	7429758.07	5683221.19	7429767.19
5683221.19	7429767.19	5683327.42	7429776.69
5683603.13	7429803.17	5683653.01	7429808.30
5683019.23	7429747.86	5683017.12	7429761.65
5682337.95	7429524.36	5682341.18	7429531.18
5682738.41	7429330.28	5682753.51	7429340.15
5682548.69	7429834.91	5682545.97	7429936.50
5683629.52	7429109.79	5683625.17	7429124.68
5682316.25	7429877.10	5682336.35	7429974.82
5682649.33	7429816.61	5682634.93	7429920.55
5681047.89	7428072.74	5681493.00	7427919.70
5681496.31	7427918.57	5681529.40	7427907.19
5681727.60	7428610.68	5681730.74	7428618.37
5681496.55	7427716.29	5681530.93	7427720.79
5681533.09	7427717.32	5681530.93	7427720.79
5682441.61	7429849.70	5682443.01	7429851.09
5681571.87	7427670.65	5681572.86	7427668.02
5681539.65	7427702.14	5681533.09	7427717.32
5681903.99	7428317.22	5681892.58	7428320.91
5683646.60	7429819.18	5683647.17	7429818.03
5683647.17	7429818.03	5683653.01	7429808.30
5683017.12	7429761.65	5683071.39	7429766.61

