5681348.09	7428797.99	O-4043	0.00	5681569.30	7428757.78	O-4002	0.00
5681569.30	7428757.78	O-4002	0.00	5681553.58	7428736.97	O-3987	0.40
5681569.30	7428757.78	O-4002	0.00	5681615.58	7428749.62	1-546	0.00
5681522.13	7428695.78	O-3961	0.40	5681729.56	7428609.87	1-544	0.00
5681727.90	7428604.86	1-10053	0.00	5681729.56	7428609.87	1-544	0.00
5681727.90	7428604.86	1-10053	0.00	5681732.09	7428617.52	1-10054	0.00
5681727.90	7428604.86	1-10053	0.00	5681727.36	7428598.19	1-1012	0.00
5681522.13	7428695.78	O-3961	0.40	5681523.43	7428697.51	O-3963	0.40
5681522.13	7428695.78	O-3961	0.40	5681512.20	7428682.65	O-3955	0.40
5681385.29	7429050.17	O-4315	0.00	5681863.26	7428964.59	1-1749	0.00
5681863.26	7428964.59	1-1749	0.00	5681867.94	7428990.57	1-1748	0.20
5681863.26	7428964.59	1-1749	0.00	5681920.58	7428954.33	1-507	0.00
5681920.58	7428954.33	1-507	0.00	5681955.74	7428998.87	1-1498	0.00
5681418.03	7429279.57	O-4576	0.00	5682035.99	7429169.62	1-1959	0.00
5682035.99	7429169.62	1-1959	0.00	5682034.93	7429162.79	1-1958	0.00
5682034.93	7429162.79	1-1958	0.00	5682072.08	7429156.27	1-1490	0.00
5682072.08	7429156.27	1-1490	0.00	5682076.78	7429162.36	1-1489	0.00
5682076.78	7429162.36	1-1489	0.00	5682085.74	7429173.98	1-1488	0.00
5682085.74	7429173.98	1-1488	0.00	5682093.42	7429183.95	1-1487	0.00
5682093.42	7429183.95	1-1487	0.00	5682128.05	7429229.25	1-1486	0.00
5682093.42	7429183.95	1-1487	0.00	5682041.40	7429193.41	1-1977	0.00
5682041.40	7429193.41	1-1977	0.00	5682038.86	7429182.39	1-1972	0.00
5682038.86	7429182.39	1-1972	0.00	5682085.74	7429173.98	1-1488	0.00
5682076.78	7429162.36	1-1489	0.00	5682035.99	7429169.62	1-1959	0.00
5682035.99	7429169.62	1-1959	0.00	5682038.86	7429182.39	1-1972	0.00
5682038.86	7429182.39	1-1972	0.00	5681419.98	7429293.43	O-4589	0.00
5681439.38	7429430.83	O-4726	0.00	5681440.71	7429440.24	O-4735	0.00
5681440.71	7429440.24	O-4735	0.00	5682175.83	7429307.68	1-550	0.00
5682175.83	7429307.68	1-550	0.00	5682184.23	7429324.50	1-547	0.00
5682184.23	7429324.50	1-547	0.00	5682190.13	7429336.69	1-676	0.00
5682175.83	7429307.68	1-550	0.00	5682171.60	7429299.23	1-553	0.00
5682171.60	7429299.23	1-553	0.00	5682160.46	7429276.94	1-1484	0.00
5682160.46	7429276.94	1-1484	0.00	5682152.81	7429261.65	1-1485	0.00
5682160.46	7429276.94	1-1484	0.00	5682041.46	7429298.77	1-2041	0.00
5682041.46	7429298.77	1-2041	0.00	5682045.87	7429321.83	1-552	0.00
5682045.87	7429321.83	1-552	0.00	5682171.60	7429299.23	1-553	0.00
5682045.87	7429321.83	1-552	0.00	5681439.38	7429430.83	O-4726	0.00
5681443.38	7429459.16	O-4748	0.00	5681442.26	7429451.21	O-4742	0.00
5681443.38	7429459.16	O-4748	0.00	5681445.17	7429472.37	O-4754	0.00
5681443.38	7429459.16	O-4748	0.00	5682184.23	7429324.50	1-547	0.00
5682191.48	7429339.49	1-678	0.00	5682196.78	7429350.52	1-675	0.00
5682196.78	7429350.52	1-675	0.00	5682207.64	7429373.30	1-1483	0.00
5682207.64	7429373.30	1-1483	0.00	5682215.60	7429390.11	1-1482	0.40
5682207.64	7429373.30	1-1483	0.00	5682154.01	7429383.04	1-671	0.00
5682154.01	7429383.04	1-671	0.00	5682114.25	7429390.23	1-672	0.00
5682114.25	7429390.23	1-672	0.00	5682077.54	7429396.86	1-680	0.00
5682114.25	7429390.23	1-672	0.00	5682108.07	7429365.63	1-673	0.00
5682108.07	7429365.63	1-673	0.00	5682072.47	7429372.11	1-681	0.00
5682154.01	7429383.04	1-671	0.00	5682152.51	7429367.15	1-674	0.00
5682152.51	7429367.15	1-674	0.00	5682196.78	7429350.52	1-675	0.00
5681445.46	7429474.43	O-4757	0.10	5681447.15	7429485.89	O-4768	0.00
5681447.15	7429485.89	O-4768	0.00	5681448.67	7429496.65	O-4774	0.00
5681448.67	7429496.65	O-4774	0.00	5681450.52	7429509.76	O-4786	0.00
5681450.52	7429509.76	O-4786	0.00	5681453.02	7429527.09	O-4806	0.40
5681447.15	7429485.89	O-4768	0.00	5682072.47	7429372.11	1-681	0.00
5681450.52	7429509.76	O-4786	0.00	5682077.54	7429396.86	1-680	0.00
5681468.77	7429633.22	O-4922	0.10	5681469.13	7429636.16	O-4925	0.00
5681469.13	7429636.16	O-4925	0.00	5681471.98	7429655.87	O-4934	0.10
5681469.13	7429636.16	O-4925	0.00	5682119.90	7429518.77	1-707	0.00
5682295.36	7429551.32	1-1468	0.20	5682300.62	7429562.10	1-1467	0.20
5682300.62	7429562.10	1-1467	0.20	5682302.39	7429565.72	1-1466	0.00
5682302.39	7429565.72	1-1466	0.00	5682313.06	7429587.64	1-1465	0.30
5682313.06	7429587.64	1-1465	0.30	5682324.77	7429611.68	1-1464	0.30
5682313.06	7429587.64	1-1465	0.30	5682234.34	7429601.92	1-2397	0.30
5682234.34	7429601.92	1-2397	0.30	5682224.24	7429580.26	1-2393	0.00
5682224.24	7429580.26	1-2393	0.00	5682302.39	7429565.72	1-1466	0.00
5681484.28	7429737.54	O-4999	0.00	5682104.44	7429625.47	1-2395	0.30
5682104.44	7429625.47	1-2395	0.30	5682095.62	7429603.59	1-2394	0.00
5682095.62	7429603.59	1-2394	0.00	5682224.24	7429580.26	1-2393	0.00
5682104.44	7429625.47	1-2395	0.30	5682234.34	7429601.92	1-2397	0.30
5681521.67	7429991.76	O-5365	0.00	5681522.91	7430000.73	O-5377	0.00
5681522.91	7430000.73	O-5377	0.00	5681525.20	7430017.40	O-5397	0.00
5681525.20	7430017.40	O-5397	0.00	5681525.62	7430020.37	O-5401	0.00
5681525.20	7430017.40	O-5397	0.00	5682188.82	7429897.15	1-2620	0.00
5682188.82	7429897.15	1-2620	0.00	5682187.17	7429880.42	1-2621	0.00
5682187.17	7429880.42	1-2621	0.00	5682186.26	7429871.25	1-2603	0.00
5682187.17	7429880.42	1-2621	0.00	5681522.91	7430000.73	O-5377	0.00
5682187.17	7429880.42	1-2621	0.00	5682370.52	7429846.82	1-2612	0.00
5682370.52	7429846.82	1-2612	0.00	5682367.90	7429838.32	1-2602	0.00
5682370.52	7429846.82	1-2612	0.00	5682434.87	7429835.88	1-1450	0.00
5682434.87	7429835.88	1-1450	0.00	5682430.43	7429826.99	1-1451	0.00
5682434.87	7429835.88	1-1450	0.00	5682441.61	7429849.70	1-10014	0.00
5682542.01	7429937.21	O-5289	0.00	5682545.97	7429936.50	O-5287	0.00
5682545.97	7429936.50	O-5287	0.00	5682549.39	7429935.88	O-5285	0.00
5682542.89	7429835.97	1-2558	0.00	5682548.69	7429834.91	1-2557	0.00
5682548.69	7429834.91	1-2557	0.00	5682554.05	7429833.94	1-2556	0.00
5682883.03	7429876.06	O-5180	0.10	5682884.36	7429875.84	O-5179	0.00
5682884.36	7429875.84	O-5179	0.00	5682929.88	7429765.58	1-2532	0.00
5682929.88	7429765.58	1-2532	0.00	5682915.45	7429768.20	1-2533	0.00
5682884.36	7429875.84	O-5179	0.00	5682899.52	7429874.60	O-5173	0.00
5682899.52	7429874.60	O-5173	0.00	5682910.45	7429873.71	O-5171	0.00
5682899.52	7429874.60	O-5173	0.00	5682947.05	7429762.46	1-2531	0.00
5682947.05	7429762.46	1-2531	0.00	5682929.88	7429765.58	1-2532	0.00
5682947.05	7429762.46	1-2531	0.00	5682948.42	7429762.21	1-2530	0.00
5682948.42	7429762.21	1-2530	0.00	5682952.00	7429756.94	1-2266	0.00
5682952.00	7429756.94	1-2266	0.00	5682951.96	7429755.70	1-2265	0.00
5682951.96	7429755.70	1-2265	0.00	5682953.51	7429755.84	1-2462	0.00
5682953.51	7429755.84	1-2462	0.00	5683017.12	7429761.65	1-2461	0.00
5683071.39	7429766.61	1-2465	0.00	5683120.18	7429771.07	1-2519	0.00
5683120.18	7429771.07	1-2519	0.00	5683219.07	7429780.11	1-2522	0.00
5683219.07	7429780.11	1-2522	0.00	5683325.33	7429789.82	1-2523	0.00
5683325.33	7429789.82	1-2523	0.00	5683327.42	7429776.69	1-2520	0.00
5683325.33	7429789.82	1-2523	0.00	5683418.93	7429798.38	1-2524	0.00
5683418.93	7429798.38	1-2524	0.00	5683444.13	7429800.68	1-2525	0.00
5683444.13	7429800.68	1-2525	0.00	5683508.16	7429806.53	1-2526	0.00
5683508.16	7429806.53	1-2526	0.00	5683601.17	7429815.03	1-2527	0.00
5683601.17	7429815.03	1-2527	0.00	5683646.60	7429819.18	1-2480	0.00
5683646.60	7429819.18	1-2480	0.00	5683637.71	7429837.17	1-2479	0.00
5683653.01	7429808.30	1-2481	0.00	5683665.02	7429794.05	1-2482	0.00
5683665.02	7429794.05	1-2482	0.00	5683669.72	7429786.92	1-2439	0.00
5683669.72	7429786.92	1-2439	0.00	5683675.85	7429777.63	1-2438	0.00
5683669.72	7429786.92	1-2439	0.00	5683629.91	7429783.32	1-2440	0.00
5683629.91	7429783.32	1-2440	0.00	5683629.25	7429790.78	1-2569	0.00
5683629.25	7429790.78	1-2569	0.00	5683665.02	7429794.05	1-2482	0.00
5683629.25	7429790.78	1-2569	0.00	5683605.36	7429788.67	1-2570	0.00
5683605.36	7429788.67	1-2570	0.00	5683603.13	7429803.17	1-2581	0.00
5683603.13	7429803.17	1-2581	0.00	5683601.17	7429815.03	1-2527	0.00
5683605.36	7429788.67	1-2570	0.00	5683512.34	7429780.27	1-2571	0.00
5683512.34	7429780.27	1-2571	0.00	5683509.71	7429796.82	1-2578	0.00
5683509.71	7429796.82	1-2578	0.00	5683508.16	7429806.53	1-2526	0.00
5683444.13	7429800.68	1-2525	0.00	5683445.64	7429790.99	1-2577	0.00
5683445.64	7429790.99	1-2577	0.00	5683509.71	7429796.82	1-2578	0.00
5683445.64	7429790.99	1-2577	0.00	5683448.21	7429774.48	1-2572	0.00
5683448.21	7429774.48	1-2572	0.00	5683512.34	7429780.27	1-2571	0.00
5683418.93	7429798.38	1-2524	0.00	5683420.68	7429784.83	1-2575	0.00
5683420.68	7429784.83	1-2575	0.00	5683422.31	7429772.14	1-2573	0.00
5683422.31	7429772.14	1-2573	0.00	5683448.21	7429774.48	1-2572	0.00
5683327.42	7429776.69	1-2520	0.00	5683420.68	7429784.83	1-2575	0.00
5683422.31	7429772.14	1-2573	0.00	5683393.08	7429769.50	1-2517	0.00
5683393.08	7429769.50	1-2517	0.00	5683329.49	7429763.76	1-2518	0.00
5683329.49	7429763.76	1-2518	0.00	5683327.42	7429776.69	1-2520	0.00
5683393.08	7429769.50	1-2517	0.00	5683393.45	7429762.17	1-2441	0.00
5683388.62	7429757.85	1-2442	0.00	5683281.06	7429748.12	1-2443	0.00
5683281.06	7429748.12	1-2443	0.00	5683281.22	7429752.12	1-2506	0.00
5683279.20	7429751.94	1-2444	0.00	5683279.33	7429759.33	1-2453	0.10
5683279.33	7429759.33	1-2453	0.10	5683329.49	7429763.76	1-2518	0.00
5683281.22	7429752.12	1-2506	0.00	5683393.45	7429762.17	1-2441	0.00
5683393.45	7429762.17	1-2441	0.00	5683629.91	7429783.32	1-2440	0.00
5683279.33	7429759.33	1-2453	0.10	5683223.32	7429754.17	1-2454	0.00
5683223.32	7429754.17	1-2454	0.00	5683221.19	7429767.19	1-2464	0.00
5683221.19	7429767.19	1-2464	0.00	5683219.07	7429780.11	1-2522	0.00
5683223.32	7429754.17	1-2454	0.00	5683124.33	7429745.23	1-2455	0.00
5683124.33	7429745.23	1-2455	0.00	5683122.27	7429758.07	1-2459	0.00
5683122.27	7429758.07	1-2459	0.00	5683120.18	7429771.07	1-2519	0.00
5683124.33	7429745.23	1-2455	0.00	5683075.03	7429740.78	1-2456	0.00
5683075.03	7429740.78	1-2456	0.00	5683073.34	7429752.78	1-2458	0.00
5683073.34	7429752.78	1-2458	0.00	5683073.18	7429753.65	1-2460	0.10
5683073.18	7429753.65	1-2460	0.10	5683071.39	7429766.61	1-2465	0.00
5683073.18	7429753.65	1-2460	0.10	5683122.27	7429758.07	1-2459	0.00
5683073.34	7429752.78	1-2458	0.00	5683019.23	7429747.86	1-2451	0.00
5683075.03	7429740.78	1-2456	0.00	5683060.30	7429739.45	1-2448	0.00
5683060.30	7429739.45	1-2448	0.00	5683060.94	7429732.39	1-2445	0.00
5683060.94	7429732.39	1-2445	0.00	5683281.22	7429752.12	1-2506	0.00
5683060.94	7429732.39	1-2445	0.00	5682951.05	7429722.54	1-2262	0.00
5682951.05	7429722.54	1-2262	0.00	5682951.24	7429729.61	1-2263	0.00
5682951.24	7429729.61	1-2263	0.00	5682951.59	7429741.62	1-2264	0.00
5682951.59	7429741.62	1-2264	0.00	5682951.96	7429755.70	1-2265	0.00
5682951.59	7429741.62	1-2264	0.00	5683019.23	7429747.86	1-2451	0.00
5683019.23	7429747.86	1-2451	0.00	5683021.05	7429735.91	1-2449	0.00
5683021.05	7429735.91	1-2449	0.00	5682951.24	7429729.61	1-2263	0.00
5683021.05	7429735.91	1-2449	0.00	5683060.30	7429739.45	1-2448	0.00
5683517.83	7429659.78	1-2375	0.10	5683485.87	7429643.18	1-2376	0.00
5683485.87	7429643.18	1-2376	0.00	5683415.51	7429636.42	1-2402	0.00
5683415.51	7429636.42	1-2402	0.00	5683412.67	7429649.74	1-2410	0.00
5683412.67	7429649.74	1-2410	0.00	5683517.83	7429659.78	1-2375	0.10
5683517.83	7429659.78	1-2375	0.10	5683534.45	7429668.25	1-2374	0.70
5683485.87	7429643.18	1-2376	0.00	5683472.64	7429636.06	1-2377	0.60
5683415.51	7429636.42	1-2402	0.00	5683280.62	7429623.47	1-2403	0.00
5683280.62	7429623.47	1-2403	0.00	5683278.47	7429636.85	1-2407	0.00
5683278.47	7429636.85	1-2407	0.00	5683412.67	7429649.74	1-2410	0.00
5683280.62	7429623.47	1-2403	0.00	5682970.35	7429593.67	1-2325	0.00
5682970.35	7429593.67	1-2325	0.00	5682957.54	7429606.03	1-2326	0.00
5682957.54	7429606.03	1-2326	0.00	5683278.47	7429636.85	1-2407	0.00
5682977.00	7429587.26	1-2324	0.00	5682970.35	7429593.67	1-2325	0.00
5682957.54	7429606.03	1-2326	0.00	5682951.71	7429611.65	1-2327	0.00
5682945.05	7429695.10	1-2271	0.00	5682943.27	7429682.31	1-2272	0.00
5682943.27	7429682.31	1-2272	0.00	5682939.69	7429656.55	1-2273	0.00
5682939.69	7429656.55	1-2273	0.00	5682938.46	7429647.73	1-2274	0.00
5682935.04	7429623.16	1-2	0.00	5682933.67	7429613.55	1-2277	0.00
5682933.67	7429613.55	1-2277	0.00	5682930.07	7429588.40	1-2278	0.00
5682930.07	7429588.40	1-2278	0.00	5682925.23	7429554.54	1-2279	0.00
5682930.07	7429588.40	1-2278	0.00	5682595.15	7429649.84	1-2391	0.10
5682595.15	7429649.84	1-2391	0.10	5682374.54	7429690.73	1-518	0.00
5682374.54	7429690.73	1-518	0.00	5682375.55	7429692.73	1-1418	0.00
5682375.55	7429692.73	1-1418	0.00	5682509.16	7429668.59	1-2406	0.00
5682509.16	7429668.59	1-2406	0.00	5682518.08	7429689.80	1-2405	0.00
5682518.08	7429689.80	1-2405	0.00	5682386.28	7429713.97	1-1419	0.00
5682386.28	7429713.97	1-1419	0.00	5682375.55	7429692.73	1-1418	0.00
5682386.28	7429713.97	1-1419	0.00	5682390.22	7429722.05	1-1420	0.00
5682518.08	7429689.80	1-2405	0.00	5682597.17	7429675.28	1-2404	0.10
5682597.17	7429675.28	1-2404	0.10	5682933.67	7429613.55	1-2277	0.00
5682904.42	7429407.03	1-2171	0.40	5682903.98	7429404.25	1-2169	0.00
5682903.98	7429404.25	1-2169	0.00	5683087.32	7429415.40	1-2155	0.00
5683087.32	7429415.40	1-2155	0.00	5683088.97	7429408.97	1-2151	0.00
5683088.97	7429408.97	1-2151	0.00	5682903.01	7429397.02	1-2145	0.00
5682903.01	7429397.02	1-2145	0.00	5682903.74	7429402.47	1-2146	0.00
5682903.74	7429402.47	1-2146	0.00	5682903.98	7429404.25	1-2169	0.00
5682903.01	7429397.02	1-2145	0.00	5682901.80	7429387.99	1-2144	0.00
5682901.80	7429387.99	1-2144	0.00	5683090.67	7429402.39	1-2143	0.00
5683090.67	7429402.39	1-2143	0.00	5683088.97	7429408.97	1-2151	0.00
5683090.67	7429402.39	1-2143	0.00	5683093.86	7429389.94	1-2142	0.00
5683093.86	7429389.94	1-2142	0.00	5682900.05	7429374.97	1-2136	0.00
5682900.05	7429374.97	1-2136	0.00	5682901.80	7429387.99	1-2144	0.00
5682900.05	7429374.97	1-2136	0.00	5682899.49	7429370.80	1-2135	0.00
5683093.86	7429389.94	1-2142	0.00	5683148.01	7429394.12	1-1605	0.00
5683148.01	7429394.12	1-1605	0.00	5683137.82	7429418.47	1-1604	0.00
5683137.82	7429418.47	1-1604	0.00	5683087.32	7429415.40	1-2155	0.00
5683148.01	7429394.12	1-1605	0.00	5683149.71	7429390.06	1-1606	0.00
5683137.82	7429418.47	1-1604	0.00	5683132.18	7429431.94	1-1603	0.00
5683197.34	7429276.40	1-1565	0.00	5683199.00	7429269.71	1-1564	0.00
5683199.00	7429269.71	1-1564	0.00	5683198.81	7429269.87	1-1564	0.30
5683199.00	7429269.71	1-1564	0.00	5683200.36	7429264.26	1-1563	0.00
5683200.36	7429264.26	1-1563	0.00	5683200.84	7429262.30	1-1562	0.00
5683200.36	7429264.26	1-1563	0.00	5683296.92	7429273.39	1-2044	0.00
5683215.86	7429212.41	1-1553	0.00	5683218.00	7429205.61	1-1552	0.00
5683218.00	7429205.61	1-1552	0.00	5683219.56	7429205.79	1-1992	0.20
5683219.56	7429205.79	1-1992	0.20	5683395.89	7429222.06	1-1991	0.20
5683395.89	7429222.06	1-1991	0.20	5683397.84	7429209.44	1-1988	0.30
5683397.84	7429209.44	1-1988	0.30	5683223.54	7429193.31	1-1989	0.00
5683223.54	7429193.31	1-1989	0.00	5683221.92	7429193.15	1-1551	0.00
5683221.92	7429193.15	1-1551	0.00	5683223.84	7429187.05	1-1550	0.00
5683221.92	7429193.15	1-1551	0.00	5683218.00	7429205.61	1-1552	0.00
5683397.84	7429209.44	1-1988	0.30	5683739.53	7429240.44	1-1950	0.00
5683739.53	7429240.44	1-1950	0.00	5683738.87	7429233.74	1-1951	0.00
5683739.53	7429240.44	1-1950	0.00	5683739.31	7429253.24	1-1949	0.00
5683739.31	7429253.24	1-1949	0.00	5683740.81	7429260.52	1-1948	0.00
5683739.31	7429253.24	1-1949	0.00	5683395.89	7429222.06	1-1991	0.20
5684075.01	7429200.61	O-4474	0.00	5684075.50	7429205.15	O-4488	0.00
5684075.50	7429205.15	O-4488	0.00	5684076.89	7429218.28	O-4498	0.00
5684075.50	7429205.15	O-4488	0.00	5683835.51	7429182.90	1-1973	0.00
5683835.51	7429182.90	1-1973	0.00	5683835.63	7429175.55	1-1968	0.00
5683835.51	7429182.90	1-1973	0.00	5683739.34	7429173.99	1-1814	0.00
5683739.34	7429173.99	1-1814	0.00	5683739.27	7429166.74	1-1813	0.00
5683739.34	7429173.99	1-1814	0.00	5683738.19	7429187.18	1-1815	0.00
5683737.06	7429146.28	1-1781	0.00	5683737.14	7429153.73	1-1788	0.00
5683737.14	7429153.73	1-1788	0.00	5683737.21	7429160.09	1-1795	0.00
5683737.21	7429160.09	1-1795	0.00	5683737.28	7429166.56	1-1796	0.00
5683737.14	7429153.73	1-1788	0.00	5683608.12	7429141.98	1-1789	0.30
5683608.12	7429141.98	1-1789	0.30	5683611.22	7429148.68	1-1794	0.30
5683611.22	7429148.68	1-1794	0.30	5683737.21	7429160.09	1-1795	0.00
5683608.12	7429141.98	1-1789	0.30	5683274.18	7429110.88	1-1790	0.00
5683274.18	7429110.88	1-1790	0.00	5683276.76	7429117.71	1-1792	0.00
5683276.76	7429117.71	1-1792	0.00	5683611.22	7429148.68	1-1794	0.30
5683274.18	7429110.88	1-1790	0.00	5683246.21	7429108.29	1-1791	0.00
5683246.21	7429108.29	1-1791	0.00	5683236.25	7429107.42	1-1539	0.00
5683236.25	7429107.42	1-1539	0.00	5683240.50	7429100.81	1-1538	0.00
5683236.25	7429107.42	1-1539	0.00	5683237.04	7429114.09	1-1540	0.00
5683237.04	7429114.09	1-1540	0.00	5683237.78	7429121.05	1-1541	0.00
5683237.04	7429114.09	1-1540	0.00	5683276.76	7429117.71	1-1792	0.00
5683234.05	7429113.83	1-1646	0.00	5683234.79	7429120.78	1-1645	0.00
5683234.79	7429120.78	1-1645	0.00	5683235.59	7429127.44	1-1644	0.00
5683235.59	7429127.44	1-1644	0.00	5683235.20	7429140.51	1-1643	0.00
5683234.79	7429120.78	1-1645	0.00	5683147.22	7429113.07	1-1779	0.00
5683147.22	7429113.07	1-1779	0.00	5683144.75	7429119.34	1-1780	0.00
5683144.75	7429119.34	1-1780	0.00	5683235.59	7429127.44	1-1644	0.00
5683147.22	7429113.07	1-1779	0.00	5682859.16	7429087.71	1-1775	0.00
5682859.16	7429087.71	1-1775	0.00	5682860.10	7429093.94	1-1776	0.00
5682860.10	7429093.94	1-1776	0.00	5683144.75	7429119.34	1-1780	0.00
5682858.16	7429081.09	1-1774	0.00	5682859.16	7429087.71	1-1775	0.00
5682860.10	7429093.94	1-1776	0.00	5682860.87	7429099.08	1-1777	0.00
5682869.20	7429153.52	1-1806	0.50	5682870.02	7429159.66	1-1807	0.00
5682870.02	7429159.66	1-1807	0.00	5682872.02	7429172.91	1-1808	0.00
5682872.02	7429172.91	1-1808	0.00	5682872.49	7429175.42	1-1809	0.60
5682872.02	7429172.91	1-1808	0.00	5683159.97	7429200.50	1-1967	0.20
5683159.97	7429200.50	1-1967	0.20	5683162.19	7429187.76	1-1962	0.30
5683162.19	7429187.76	1-1962	0.30	5682870.02	7429159.66	1-1807	0.00
5683162.19	7429187.76	1-1962	0.30	5683218.37	7429192.82	1-1634	0.00
5683218.37	7429192.82	1-1634	0.00	5683220.19	7429186.56	1-1635	0.00
5683218.37	7429192.82	1-1634	0.00	5683214.68	7429205.52	1-1633	0.00
5683214.68	7429205.52	1-1633	0.00	5683212.76	7429212.12	1-1632	0.00
5683214.68	7429205.52	1-1633	0.00	5683159.97	7429200.50	1-1967	0.20
5682870.21	7429412.81	1-2072	0.70	5682877.08	7429417.14	1-2071	0.00
5682877.08	7429417.14	1-2071	0.00	5682889.80	7429424.83	1-2070	0.00
5682889.80	7429424.83	1-2070	0.00	5682899.46	7429430.34	1-2069	0.90
5682337.95	7429524.36	1-2191	0.00	5682334.16	7429516.55	1-2186	0.00
5682334.16	7429516.55	1-2186	0.00	5682578.16	7429472.46	1-2185	0.50
5682578.16	7429472.46	1-2185	0.50	5682877.08	7429417.14	1-2071	0.00
5682334.16	7429516.55	1-2186	0.00	5682293.79	7429524.20	1-1409	0.30
5682293.79	7429524.20	1-1409	0.30	5682291.35	7429518.90	1-1408	0.70
5682293.79	7429524.20	1-1409	0.30	5682300.32	7429538.39	1-1410	0.30
5682300.32	7429538.39	1-1410	0.30	5682305.95	7429549.80	1-1411	0.30
5682271.62	7429479.35	1-1405	0.00	5682265.99	7429468.20	1-1404	0.00
5682265.99	7429468.20	1-1404	0.00	5682254.22	7429443.92	1-1403	0.00
5682254.22	7429443.92	1-1403	0.00	5682242.43	7429419.32	1-1402	0.00
5682234.97	7429403.81	1-1400	0.00	5682227.73	7429387.57	1-517	0.00
5682227.73	7429387.57	1-517	0.00	5682220.43	7429371.00	1-508	0.00
5682220.43	7429371.00	1-508	0.00	5682209.04	7429346.36	1-1399	0.20
5682220.43	7429371.00	1-508	0.00	5682296.36	7429357.36	1-509	0.00
5682296.36	7429357.36	1-509	0.00	5682299.32	7429374.52	1-516	0.00
5682299.32	7429374.52	1-516	0.00	5682227.73	7429387.57	1-517	0.00
5682299.32	7429374.52	1-516	0.00	5682338.64	7429367.36	1-146	0.00
5682338.64	7429367.36	1-146	0.00	5682469.64	7429343.49	1-515	0.00
5682469.64	7429343.49	1-515	0.00	5682466.84	7429326.74	1-510	0.00
5682466.84	7429326.74	1-510	0.00	5682296.36	7429357.36	1-509	0.00
5682466.84	7429326.74	1-510	0.00	5682552.50	7429311.82	1-511	0.60
5682635.20	7429295.43	1-2049	0.00	5682641.34	7429294.31	1-2017	0.00
5682674.24	7429288.31	1-512	0.00	5682696.24	7429302.73	1-513	0.10
5682696.24	7429302.73	1-513	0.10	5682554.80	7429327.97	1-514	0.10
5682552.50	7429311.82	1-511	0.60	5682635.20	7429295.43	1-2049	0.00
5682554.80	7429327.97	1-514	0.10	5682469.64	7429343.49	1-515	0.00
5682696.24	7429302.73	1-513	0.10	5682717.35	7429316.53	1-2083	0.10
5682717.35	7429316.53	1-2083	0.10	5682557.60	7429345.45	1-2094	0.10
5682557.60	7429345.45	1-2094	0.10	5682341.74	7429384.50	1-2095	0.00
5682341.74	7429384.50	1-2095	0.00	5682342.49	7429393.29	1-2102	0.00
5682342.49	7429393.29	1-2102	0.00	5682342.84	7429401.40	1-2109	0.00
5682342.84	7429401.40	1-2109	0.00	5682560.35	7429362.57	1-2108	0.00
5682560.35	7429362.57	1-2108	0.00	5682738.41	7429330.28	1-2081	0.10
5682738.41	7429330.28	1-2081	0.10	5682727.98	7429323.46	1-2082	0.00
5682727.98	7429323.46	1-2082	0.00	5682559.29	7429354.28	1-2101	0.60
5682559.29	7429354.28	1-2101	0.60	5682342.49	7429393.29	1-2102	0.00
5682717.35	7429316.53	1-2083	0.10	5682727.98	7429323.46	1-2082	0.00
5682342.49	7429393.29	1-2102	0.00	5682305.55	7429400.02	1-2150	0.00
5682305.55	7429400.02	1-2150	0.00	5682303.85	7429391.35	1-2096	0.00
5682303.85	7429391.35	1-2096	0.00	5682341.74	7429384.50	1-2095	0.00
5682303.85	7429391.35	1-2096	0.00	5682234.97	7429403.81	1-1400	0.00
5682242.43	7429419.32	1-1402	0.00	5682342.84	7429401.40	1-2109	0.00
5682254.22	7429443.92	1-1403	0.00	5682301.44	7429435.31	1-2116	0.00
5682301.44	7429435.31	1-2116	0.00	5682297.54	7429422.67	1-2115	0.00
5682301.44	7429435.31	1-2116	0.00	5682564.31	7429387.36	1-2124	0.00
5682305.53	7429440.05	1-2128	0.00	5682309.26	7429460.20	1-2133	0.00
5682309.26	7429460.20	1-2133	0.00	5682265.99	7429468.20	1-1404	0.00
5682309.26	7429460.20	1-2133	0.00	5682568.30	7429412.35	1-2132	0.00
5682568.30	7429412.35	1-2132	0.00	5682797.64	7429369.01	1-2077	0.00
5682797.64	7429369.01	1-2077	0.00	5682799.41	7429370.16	1-2076	0.00
5682797.64	7429369.01	1-2077	0.00	5682774.06	7429353.59	1-2078	0.00
5682774.06	7429353.59	1-2078	0.00	5682767.99	7429349.62	1-2079	0.00
5682774.06	7429353.59	1-2078	0.00	5682565.19	7429392.89	1-2127	0.00
5682565.19	7429392.89	1-2127	0.00	5682305.53	7429440.05	1-2128	0.00
5682165.90	7429259.28	1-1394	0.00	5682171.43	7429270.08	1-1395	0.00
5682171.43	7429270.08	1-1395	0.00	5682198.01	7429322.03	1-1397	0.00
5682171.43	7429270.08	1-1395	0.00	5682239.41	7429258.09	1-1995	0.00
5682239.41	7429258.09	1-1995	0.00	5682244.27	7429285.29	1-1994	0.30
5682244.27	7429285.29	1-1994	0.30	5682245.96	7429294.76	1-2019	0.30
5682244.27	7429285.29	1-1994	0.30	5682539.36	7429232.66	1-1993	0.30
5682057.72	7429137.56	1-1491	0.00	5682072.08	7429156.27	1-1490	0.00
5683125.74	7428602.81	1-1278	0.00	5683118.44	7428598.97	1-1279	0.00
5683118.44	7428598.97	1-1279	0.00	5683058.42	7428567.22	1-1280	0.60
5683058.42	7428567.22	1-1280	0.60	5682985.07	7428528.91	1-1281	0.10
5682957.08	7428509.63	O-3783	0.40	5682964.23	7428515.86	O-3795	0.00
5682964.23	7428515.86	O-3795	0.00	5682987.03	7428524.33	O-3804	0.00
5682964.23	7428515.86	O-3795	0.00	5682772.15	7428478.21	1-1265	0.00
5682772.15	7428478.21	1-1265	0.00	5682769.37	7428458.92	1-1264	0.10
5682769.37	7428458.92	1-1264	0.10	5682838.95	7428374.26	O-3604	0.10
5682838.95	7428374.26	O-3604	0.10	5682845.94	7428382.41	O-3609	0.10
5682838.95	7428374.26	O-3604	0.10	5682832.09	7428366.28	O-3597	0.40
5682832.09	7428366.28	O-3597	0.40	5682790.10	7428317.38	O-3572	0.10
5682832.09	7428366.28	O-3597	0.40	5682768.57	7428453.47	1-1252	0.00
5682768.57	7428453.47	1-1252	0.00	5682769.37	7428458.92	1-1264	0.10
5682761.93	7428407.36	1-9	0.60	5682768.57	7428453.47	1-1252	0.00
5682772.96	7428483.85	1-1283	0.00	5682962.85	7428520.37	1-1282	0.40
5682772.96	7428483.85	1-1283	0.00	5682777.14	7428512.68	1-1287	0.00
5682777.14	7428512.68	1-1287	0.00	5682780.64	7428536.91	1-1289	0.10
5682780.64	7428536.91	1-1289	0.10	5682781.15	7428540.56	1-8	0.00
5682780.64	7428536.91	1-1289	0.10	5683058.42	7428567.22	1-1280	0.60
5682781.15	7428540.56	1-8	0.00	5682785.30	7428568.03	1-1306	0.00
5682785.30	7428568.03	1-1306	0.00	5682787.37	7428581.67	1-1317	0.00
5682785.30	7428568.03	1-1306	0.00	5683118.44	7428598.97	1-1279	0.00
5682787.37	7428581.67	1-1317	0.00	5682423.45	7428646.16	1-1311	0.00
5682431.16	7428655.88	1-1320	0.00	5682788.74	7428590.76	1-1319	0.00
5682787.37	7428581.67	1-1317	0.00	5682788.05	7428586.21	1-1318	0.00
5682788.05	7428586.21	1-1318	0.00	5682788.85	7428591.30	1-1319	0.60
5682788.85	7428591.30	1-1319	0.60	5682791.07	7428606.03	1-1327	0.60
5682791.07	7428606.03	1-1327	0.60	5682792.58	7428616.17	1-1328	0.00
5682792.58	7428616.17	1-1328	0.00	5682793.27	7428620.70	1-1332	0.00
5682792.58	7428616.17	1-1328	0.00	5681999.60	7428759.33	1-1330	0.00
5682781.15	7428540.56	1-8	0.00	5682648.17	7428564.53	1-1302	0.00
5682648.17	7428564.53	1-1302	0.00	5682637.12	7428537.78	1-1288	0.00
5682637.12	7428537.78	1-1288	0.00	5682777.14	7428512.68	1-1287	0.00
5682772.96	7428483.85	1-1283	0.00	5682624.77	7428507.93	1-1284	0.00
5682624.77	7428507.93	1-1284	0.00	5682637.12	7428537.78	1-1288	0.00
5682624.77	7428507.93	1-1284	0.00	5682578.49	7428515.45	1-1285	0.00
5682578.49	7428515.45	1-1285	0.00	5682583.67	7428547.37	1-1301	0.00
5682583.67	7428547.37	1-1301	0.00	5682583.95	7428549.10	1-1309	0.00
5682583.95	7428549.10	1-1309	0.00	5682559.25	7428555.42	1-1308	0.00
5682559.25	7428555.42	1-1308	0.00	5682563.63	7428579.77	1-1307	0.00
5682563.63	7428579.77	1-1307	0.00	5682648.17	7428564.53	1-1302	0.00
5682583.67	7428547.37	1-1301	0.00	5682637.12	7428537.78	1-1288	0.00
5682583.67	7428547.37	1-1301	0.00	5682048.39	7428642.23	1-624	0.00
5682048.39	7428642.23	1-624	0.00	5682042.85	7428611.32	1-623	0.00
5682042.85	7428611.32	1-623	0.00	5682349.81	7428553.03	1-1286	0.60
5682048.39	7428642.23	1-624	0.00	5682053.68	7428671.77	1-625	0.40
5682053.68	7428671.77	1-625	0.40	5682563.63	7428579.77	1-1307	0.00
5682042.85	7428611.32	1-623	0.00	5681916.07	7428635.60	1-646	0.00
5681916.07	7428635.60	1-646	0.00	5681914.62	7428638.92	1-645	0.00
5681916.07	7428635.60	1-646	0.00	5681905.25	7428637.57	1-643	0.00
5681905.25	7428637.57	1-643	0.00	5681907.74	7428640.17	1-644	0.00
5681924.61	7428694.61	1-647	0.00	5682053.68	7428671.77	1-625	0.40
5681924.61	7428694.61	1-647	0.00	5681890.16	7428700.80	1-626	0.00
5681924.61	7428694.61	1-647	0.00	5681919.36	7428665.36	1-653	0.00
5681905.25	7428637.57	1-643	0.00	5681873.94	7428643.63	1-628	0.00
5681890.16	7428700.80	1-626	0.00	5681867.20	7428704.92	1-635	0.00
5681867.20	7428704.92	1-635	0.00	5681865.75	7428697.33	1-651	0.00
5681873.94	7428643.63	1-628	0.00	5681856.18	7428647.03	1-634	0.00
5681856.18	7428647.03	1-634	0.00	5681858.98	7428661.81	1-633	0.00
5681856.18	7428647.03	1-634	0.00	5681798.77	7428658.00	1-663	0.00
5681798.77	7428658.00	1-663	0.00	5681801.86	7428661.98	1-664	0.00
5681798.77	7428658.00	1-663	0.00	5681768.54	7428663.78	1-665	0.00
5681867.20	7428704.92	1-635	0.00	5681813.55	7428714.56	1-638	0.00
5681813.55	7428714.56	1-638	0.00	5681807.46	7428686.55	1-639	0.00
5681813.55	7428714.56	1-638	0.00	5681777.15	7428721.09	1-631	0.00
5681777.15	7428721.09	1-631	0.00	5681779.03	7428724.71	1-529	0.00
5681779.03	7428724.71	1-529	0.00	5681801.38	7428718.24	1-535	0.00
5681777.15	7428721.09	1-631	0.00	5681768.40	7428694.31	1-630	0.00
5681768.40	7428694.31	1-630	0.00	5681762.44	7428676.07	1-642	0.00
5681762.44	7428676.07	1-642	0.00	5681759.02	7428665.60	1-629	0.00
5681759.02	7428665.60	1-629	0.00	5681765.69	7428659.71	1-636	0.00
5681759.02	7428665.60	1-629	0.00	5681741.78	7428681.41	1-1104	0.30
5681779.03	7428724.71	1-529	0.00	5681797.60	7428760.49	1-1325	0.00
5681797.60	7428760.49	1-1325	0.00	5681833.57	7428753.92	1-538	0.00
5681833.57	7428753.92	1-538	0.00	5681824.52	7428731.32	1-537	0.00
5681833.57	7428753.92	1-538	0.00	5682423.45	7428646.16	1-1311	0.00
5682431.16	7428655.88	1-1320	0.00	5681995.14	7428734.63	1-1322	0.00
5681995.14	7428734.63	1-1322	0.00	5681999.60	7428759.33	1-1330	0.00
5681995.14	7428734.63	1-1322	0.00	5681855.40	7428759.86	1-1323	0.00
5681855.40	7428759.86	1-1323	0.00	5681872.56	7428782.27	1-1337	0.00
5681872.56	7428782.27	1-1337	0.00	5681999.60	7428759.33	1-1330	0.00
5681855.40	7428759.86	1-1323	0.00	5681802.26	7428769.46	1-1324	0.00
5681802.26	7428769.46	1-1324	0.00	5681814.36	7428792.78	1-1368	0.00
5681814.36	7428792.78	1-1368	0.00	5681872.56	7428782.27	1-1337	0.00
5681797.60	7428760.49	1-1325	0.00	5681802.26	7428769.46	1-1324	0.00
5681814.36	7428792.78	1-1368	0.00	5681817.08	7428798.01	1-1369	0.00
5681872.56	7428782.27	1-1337	0.00	5681889.91	7428804.94	1-1335	0.00
5682610.23	7428354.50	1-1174	0.00	5682609.96	7428354.12	1-1175	0.00
5682609.96	7428354.12	1-1175	0.00	5682592.68	7428329.88	1-1177	0.00
5682592.68	7428329.88	1-1177	0.00	5682510.07	7428307.96	1-1178	0.00
5682510.07	7428307.96	1-1178	0.00	5682477.10	7428284.63	1-1179	0.00
5682477.10	7428284.63	1-1179	0.00	5682440.03	7428258.40	1-1180	0.00
5682609.96	7428354.12	1-1175	0.00	5682277.38	7428410.34	1-33	0.70
5682277.38	7428410.34	1-33	0.70	5681919.31	7428469.53	1-534	0.00
5681919.31	7428469.53	1-534	0.00	5681914.27	7428430.34	1-532	0.00
5681919.31	7428469.53	1-534	0.00	5681827.78	7428484.66	1-533	0.00
5681862.45	7428553.55	1-1259	0.00	5681858.88	7428554.14	1-1260	0.00
5681862.45	7428553.55	1-1259	0.00	5681855.74	7428509.85	1-1258	0.00
5681855.74	7428509.85	1-1258	0.00	5682080.33	7428473.91	1-1257	0.00
5682080.33	7428473.91	1-1257	0.00	5682087.30	7428516.59	1-1256	0.00
5682087.30	7428516.59	1-1256	0.00	5682312.06	7428479.65	1-1255	0.00
5682087.30	7428516.59	1-1256	0.00	5681862.45	7428553.55	1-1259	0.00
5681827.78	7428484.66	1-533	0.00	5681842.42	7428447.66	1-531	0.00
5681842.42	7428447.66	1-531	0.00	5681914.27	7428430.34	1-532	0.00
5681842.42	7428447.66	1-531	0.00	5681845.40	7428440.13	1-1097	0.00
5681845.40	7428440.13	1-1097	0.00	5681853.81	7428418.88	1-1096	0.00
5681845.40	7428440.13	1-1097	0.00	5681953.94	7428410.08	1-10050	0.00
5682262.19	7428336.78	1-1247	0.70	5682477.10	7428284.63	1-1179	0.00
5681747.09	7428662.25	1-543	0.20	5681749.74	7428659.79	1-449	0.00
5681749.74	7428659.79	1-449	0.00	5681732.09	7428617.52	1-10054	0.00
5681749.74	7428659.79	1-449	0.00	5681756.19	7428654.09	1-570	0.00
5681756.19	7428654.09	1-570	0.00	5681728.76	7428575.78	1-566	0.00
5681728.76	7428575.78	1-566	0.00	5681749.10	7428570.34	1-567	0.30
5681749.10	7428570.34	1-567	0.30	5681788.76	7428566.00	1-568	0.00
5681788.76	7428566.00	1-568	0.00	5681787.95	7428564.64	1-601	0.00
5681756.19	7428654.09	1-570	0.00	5681768.48	7428643.22	1-569	0.00
5681768.48	7428643.22	1-569	0.00	5681788.76	7428566.00	1-568	0.00
5681788.76	7428566.00	1-568	0.00	5681815.92	7428486.63	1-201	0.10
5681728.76	7428575.78	1-566	0.00	5681729.30	7428557.60	1-592	0.20
5681729.30	7428557.60	1-592	0.20	5681726.58	7428501.45	1-593	0.30
5681761.70	7428643.50	1-577	0.00	5681764.66	7428639.86	1-578	0.00
5681764.66	7428639.86	1-578	0.00	5681773.09	7428612.77	1-572	0.00
5681773.09	7428612.77	1-572	0.00	5681779.39	7428592.56	1-581	0.00
5681779.39	7428592.56	1-581	0.00	5681779.29	7428590.22	1-582	0.00
5681779.29	7428590.22	1-582	0.00	5681778.73	7428588.82	1-580	0.00
5681778.73	7428588.82	1-580	0.00	5681775.22	7428586.09	1-590	0.00
5681775.22	7428586.09	1-590	0.00	5681773.68	7428585.97	1-591	0.00
5681773.68	7428585.97	1-591	0.00	5681756.06	7428588.30	1-589	0.00
5681756.06	7428588.30	1-589	0.00	5681752.55	7428588.80	1-588	0.00
5681752.55	7428588.80	1-588	0.00	5681747.13	7428593.09	1-587	0.00
5681747.13	7428593.09	1-587	0.00	5681744.93	7428597.53	1-586	0.00
5681744.93	7428597.53	1-586	0.00	5681744.50	7428604.01	1-573	0.00
5681744.50	7428604.01	1-573	0.00	5681773.09	7428612.77	1-572	0.00
5681744.50	7428604.01	1-573	0.00	5681744.42	7428605.12	1-585	0.00
5681744.42	7428605.12	1-585	0.00	5681745.96	7428610.37	1-584	0.00
5681745.96	7428610.37	1-584	0.00	5681751.57	7428631.50	1-583	0.00
5681751.57	7428631.50	1-583	0.00	5681753.12	7428637.30	1-574	0.00
5681753.12	7428637.30	1-574	0.00	5681755.02	7428644.12	1-575	0.00
5681755.02	7428644.12	1-575	0.00	5681759.22	7428644.76	1-576	0.00
5681759.22	7428644.76	1-576	0.00	5681761.70	7428643.50	1-577	0.00
5681726.58	7428501.45	1-593	0.30	5681733.20	7428500.35	1-2742	0.20
5681733.20	7428500.35	1-2742	0.20	5681734.24	7428500.17	1-594	0.20
5681734.24	7428500.17	1-594	0.20	5681736.98	7428560.50	1-595	0.00
5681734.24	7428500.17	1-594	0.20	5681763.02	7428495.40	1-603	0.00
5681763.02	7428495.40	1-603	0.00	5681771.52	7428493.99	1-144	0.00
5681763.02	7428495.40	1-603	0.00	5681762.32	7428518.96	1-602	0.00
5681771.52	7428493.99	1-144	0.00	5681768.42	7428460.44	1-564	0.10
5681768.42	7428460.44	1-564	0.10	5681763.65	7428444.64	1-565	0.00
5681768.42	7428460.44	1-564	0.10	5681833.29	7428443.48	1-560	0.10
5681763.65	7428444.64	1-565	0.00	5681841.89	7428422.15	1-561	0.10
5681726.58	7428501.45	1-593	0.30	5681724.88	7428471.82	1-563	0.30
5681724.88	7428471.82	1-563	0.30	5681768.42	7428460.44	1-564	0.10
5681724.88	7428471.82	1-563	0.30	5681722.98	7428456.33	1-562	0.00
5681722.98	7428456.33	1-562	0.00	5681763.65	7428444.64	1-565	0.00
5681722.98	7428456.33	1-562	0.00	5681720.76	7428424.54	1-557	0.00
5681720.76	7428424.54	1-557	0.00	5681723.14	7428423.78	1-2739	0.00
5681723.14	7428423.78	1-2739	0.00	5681727.99	7428454.89	1-2740	0.00
5681723.14	7428423.78	1-2739	0.00	5681808.26	7428396.53	1-559	0.00
5681808.26	7428396.53	1-559	0.00	5681803.63	7428382.49	1-558	0.00
5681803.63	7428382.49	1-558	0.00	5681717.69	7428409.55	1-2738	0.00
5681717.69	7428409.55	1-2738	0.00	5681715.26	7428410.32	1-556	0.00
5681715.26	7428410.32	1-556	0.00	5681720.76	7428424.54	1-557	0.00
5681723.14	7428423.78	1-2739	0.00	5681717.69	7428409.55	1-2738	0.00
5681803.63	7428382.49	1-558	0.00	5681865.73	7428362.93	1-555	0.00
5681865.73	7428362.93	1-555	0.00	5681858.71	7428380.38	1-554	0.00
5681858.71	7428380.38	1-554	0.00	5681808.26	7428396.53	1-559	0.00
5681715.26	7428410.32	1-556	0.00	5681709.75	7428396.11	1-1011	0.00
5681709.75	7428396.11	1-1011	0.00	5681712.21	7428395.29	1-2737	0.00
5681712.21	7428395.29	1-2737	0.00	5681717.69	7428409.55	1-2738	0.00
5681712.21	7428395.29	1-2737	0.00	5681873.03	7428344.62	1-1105	0.10
5681709.75	7428396.11	1-1011	0.00	5681703.55	7428382.10	1-1010	0.00
5681703.55	7428382.10	1-1010	0.00	5681706.72	7428381.04	1-2736	0.00
5681706.72	7428381.04	1-2736	0.00	5681712.21	7428395.29	1-2737	0.00
5681706.72	7428381.04	1-2736	0.00	5681881.11	7428324.58	1-1106	0.10
5681703.55	7428382.10	1-1010	0.00	5681695.14	7428363.11	1-1009	0.00
5681695.14	7428363.11	1-1009	0.00	5681699.29	7428361.75	1-2735	0.00
5681699.29	7428361.75	1-2735	0.00	5681706.72	7428381.04	1-2736	0.00
5681691.51	7428343.20	1-2734	0.30	5681699.29	7428361.75	1-2735	0.00
5681686.76	7428344.71	1-1008	0.40	5681695.14	7428363.11	1-1009	0.00
5681699.29	7428361.75	1-2735	0.00	5681891.07	7428299.89	1-1107	0.10
5681903.99	7428317.22	1-1232	0.00	5681920.12	7428311.95	1-1233	0.10
5681920.12	7428311.95	1-1233	0.10	5681924.75	7428307.31	1-2699	0.00
5681924.75	7428307.31	1-2699	0.00	5681936.64	7428355.43	1-2698	0.00
5681924.75	7428307.31	1-2699	0.00	5681949.26	7428282.33	1-1226	0.00
5681949.26	7428282.33	1-1226	0.00	5681902.52	7428296.47	1-1091	0.00
5681949.26	7428282.33	1-1226	0.00	5682233.06	7428196.49	1-1225	0.00
5681949.26	7428282.33	1-1226	0.00	5681977.22	7428253.83	1-1217	0.00
5681924.29	7428211.52	1-1108	0.00	5681941.66	7428164.00	1-693	0.00
5681941.66	7428164.00	1-693	0.00	5681958.15	7428118.91	1-692	0.00
5681941.66	7428164.00	1-693	0.00	5681786.57	7428213.70	1-694	0.00
5681786.57	7428213.70	1-694	0.00	5681654.03	7428256.12	1-2732	0.00
5681654.03	7428256.12	1-2732	0.00	5681670.08	7428292.13	1-2733	0.00
5681666.40	7428293.31	1-2743	0.00	5681651.86	7428256.98	1-697	0.00
5681651.86	7428256.98	1-697	0.00	5681654.03	7428256.12	1-2732	0.00
5681651.86	7428256.98	1-697	0.00	5681637.48	7428221.04	1-696	0.00
5681637.48	7428221.04	1-696	0.00	5681638.21	7428220.65	1-2731	0.00
5681637.48	7428221.04	1-696	0.00	5681631.68	7428206.55	1-701	0.00
5681631.68	7428206.55	1-701	0.00	5681632.47	7428206.23	1-2730	0.00
5681631.68	7428206.55	1-701	0.00	5681628.87	7428199.44	1-700	0.10
5681628.87	7428199.44	1-700	0.10	5681629.66	7428199.16	1-2729	0.00
5681628.87	7428199.44	1-700	0.10	5681625.92	7428192.15	1-699	0.00
5681625.92	7428192.15	1-699	0.00	5681626.74	7428191.83	1-2728	0.00
5681625.92	7428192.15	1-699	0.00	5681621.60	7428181.58	1-1003	0.00
5681621.60	7428181.58	1-1003	0.00	5681622.54	7428181.28	1-2727	0.00
5681621.60	7428181.58	1-1003	0.00	5681617.22	7428170.62	1-1002	0.00
5681981.33	7428055.53	1-1112	0.00	5681976.56	7428068.58	1-316	0.00
5681976.56	7428068.58	1-316	0.00	5681971.49	7428082.42	1-698	0.00
5681976.56	7428068.58	1-316	0.00	5681622.54	7428181.28	1-2727	0.00
5681568.63	7428036.58	1-994	0.00	5681566.97	7428031.32	1-523	0.00
5681566.97	7428031.32	1-523	0.00	5681567.41	7428031.18	1-2717	0.00
5681567.41	7428031.18	1-2717	0.00	5681605.37	7428019.11	1-527	0.00
5681605.37	7428019.11	1-527	0.00	5681601.65	7428006.89	1-528	0.00
5681601.65	7428006.89	1-528	0.00	5681563.15	7428019.10	1-522	0.00
5681563.15	7428019.10	1-522	0.00	5681561.31	7428013.17	1-993	0.10
5681563.15	7428019.10	1-522	0.00	5681567.41	7428031.18	1-2717	0.00
5681566.97	7428031.32	1-523	0.00	5681563.19	7428019.33	1-522	0.30
5681567.41	7428031.18	1-2717	0.00	5681569.28	7428036.38	1-2718	0.00
5681601.65	7428006.89	1-528	0.00	5682045.63	7427865.90	1-525	0.00
5682045.63	7427865.90	1-525	0.00	5682042.32	7427878.85	1-524	0.00
5682042.32	7427878.85	1-524	0.00	5682041.87	7427880.24	1-526	0.00
5682041.87	7427880.24	1-526	0.00	5681605.37	7428019.11	1-527	0.00
5682047.51	7427858.82	1-1126	0.30	5682045.63	7427865.90	1-525	0.00
5682041.87	7427880.24	1-526	0.00	5682039.50	7427887.83	1-1125	0.30
5682047.51	7427858.82	1-1126	0.30	5682051.61	7427842.47	1-1072	0.00
5682051.61	7427842.47	1-1072	0.00	5682054.22	7427832.34	O-2972	0.10
5682051.61	7427842.47	1-1072	0.00	5681576.93	7427994.50	1-1074	0.00
5681576.93	7427994.50	1-1074	0.00	5681581.52	7427950.14	1-1071	0.00
5681581.52	7427950.14	1-1071	0.00	5681992.32	7427814.14	O-2962	0.00
5681992.32	7427814.14	O-2962	0.00	5682013.97	7427819.06	O-2963	0.00
5681984.11	7427812.27	O-1417	0.00	5681992.32	7427814.14	O-2962	0.00
5681529.43	7427924.60	1-51	0.00	5681535.37	7427943.71	1-2753	0.00
5681535.37	7427943.71	1-2753	0.00	5681539.52	7427956.88	1-2755	0.00
5681535.37	7427943.71	1-2753	0.00	5681532.57	7427944.65	1-2754	0.00
5681543.92	7427772.08	1-979	0.00	5681536.43	7427815.70	1-980	0.00
5681540.34	7427814.95	1-2690	0.00	5681536.43	7427815.70	1-980	0.00
5681536.43	7427815.70	1-980	0.00	5681536.10	7427827.30	1-982	0.00
5681536.10	7427827.30	1-982	0.00	5681540.22	7427826.32	1-2691	0.00
5681536.10	7427827.30	1-982	0.00	5681535.78	7427838.91	1-983	0.00
5681535.78	7427838.91	1-983	0.00	5681540.10	7427837.70	1-2693	0.00
5681535.78	7427838.91	1-983	0.00	5681535.43	7427851.42	1-984	0.00
5681535.43	7427851.42	1-984	0.00	5681539.97	7427849.93	1-2710	0.00
5681535.43	7427851.42	1-984	0.00	5681535.05	7427869.56	1-985	0.00
5681571.87	7427670.65	1-10006	0.00	5681560.42	7427701.31	1-2679	0.00
5681560.42	7427701.31	1-2679	0.00	5681554.42	7427700.36	1-2680	0.00
5681554.42	7427700.36	1-2680	0.00	5681544.67	7427698.80	1-2681	0.00
5681544.67	7427698.80	1-2681	0.00	5681559.39	7427664.30	O-2801	0.00
5681560.42	7427701.31	1-2679	0.00	5681551.89	7427724.16	1-2682	0.00
5681544.67	7427698.80	1-2681	0.00	5681535.01	7427721.44	1-2684	0.00
5681535.01	7427721.44	1-2684	0.00	5681532.93	7427726.32	1-877	0.00
5681532.93	7427726.32	1-877	0.00	5681526.76	7427736.16	1-878	0.00
5681556.49	7427663.50	O-2798	0.00	5681539.65	7427702.14	1-856	0.00
5681539.65	7427702.14	1-856	0.00	5681455.07	7427684.71	1-857	0.00
5681455.07	7427684.71	1-857	0.00	5681450.86	7427708.55	1-858	0.00
5681450.86	7427708.55	1-858	0.00	5681496.55	7427716.29	1-67	0.00
5681530.93	7427720.79	1-974	0.00	5681521.66	7427735.69	1-972	0.00
5681450.86	7427708.55	1-858	0.00	5681197.02	7427667.77	1-859	0.00
5681416.36	7428547.52	O-3825	0.30	5681430.23	7428566.15	O-3842	0.00
5681430.23	7428566.15	O-3842	0.00	5681439.77	7428579.25	O-3856	0.00
5681439.77	7428579.25	O-3856	0.00	5681441.54	7428581.67	O-3860	0.00
5681441.54	7428581.67	O-3860	0.00	5681445.54	7428587.17	O-3865	0.00
5681445.54	7428587.17	O-3865	0.00	5681451.65	7428597.02	O-3878	0.30
5681445.54	7428587.17	O-3865	0.00	5681535.86	7428554.63	1-1298	0.00
5681718.41	7428488.88	1-1016	0.00	5681724.71	7428533.19	1-1015	0.00
5681718.41	7428488.88	1-1016	0.00	5681716.30	7428474.59	1-1017	0.70
5681716.30	7428474.59	1-1017	0.70	5681716.34	7428468.36	1-1018	0.20
5681538.10	7428529.24	1-923	0.00	5681541.87	7428537.12	1-924	0.00
5681541.87	7428537.12	1-924	0.00	5681538.68	7428553.62	1-1271	0.00
5681538.10	7428529.24	1-923	0.00	5681518.62	7428489.03	1-922	0.30
5681515.69	7428489.96	1-927	0.40	5681535.24	7428530.21	1-926	0.00
5681535.24	7428530.21	1-926	0.00	5681539.09	7428538.26	1-925	0.00
5681539.09	7428538.26	1-925	0.00	5681541.87	7428537.12	1-924	0.00
5681539.09	7428538.26	1-925	0.00	5681439.77	7428579.25	O-3856	0.00
5681430.23	7428566.15	O-3842	0.00	5681535.24	7428530.21	1-926	0.00
5681535.86	7428554.63	1-1298	0.00	5681537.87	7428542.01	1-1305	0.00
5681537.87	7428542.01	1-1305	0.00	5681441.54	7428581.67	O-3860	0.00
5681518.67	7428456.30	1-920	0.00	5681518.64	7428441.46	1-919	0.00
5681518.64	7428441.46	1-919	0.00	5681647.41	7428400.36	1-1263	0.40
5681647.41	7428400.36	1-1263	0.40	5681651.96	7428414.51	1-1262	0.30
5681651.96	7428414.51	1-1262	0.30	5681518.67	7428456.30	1-920	0.00
5681518.64	7428441.46	1-919	0.00	5681518.60	7428419.90	1-918	0.00
5681518.60	7428419.90	1-918	0.00	5681642.82	7428380.17	1-1254	0.30
5681642.82	7428380.17	1-1254	0.30	5681647.41	7428400.36	1-1263	0.40
5681651.96	7428414.51	1-1262	0.30	5681702.64	7428398.31	1-2707	0.00
5681702.64	7428398.31	1-2707	0.00	5681704.22	7428397.85	1-1022	0.00
5681704.22	7428397.85	1-1022	0.00	5681710.25	7428411.90	1-1021	0.00
5681710.25	7428411.90	1-1021	0.00	5681716.28	7428425.97	1-1020	0.00
5681716.28	7428425.97	1-1020	0.00	5681716.10	7428444.18	1-2704	0.00
5681716.28	7428425.97	1-1020	0.00	5681713.62	7428426.77	1-2705	0.00
5681710.25	7428411.90	1-1021	0.00	5681708.12	7428412.52	1-2706	0.00
5681704.22	7428397.85	1-1022	0.00	5681698.49	7428383.74	1-1023	0.00
5681698.49	7428383.74	1-1023	0.00	5681690.71	7428364.54	1-1024	0.00
5681690.71	7428364.54	1-1024	0.00	5681689.72	7428364.83	1-2708	0.00
5681689.72	7428364.83	1-2708	0.00	5681686.80	7428365.77	1-1253	0.30
5681689.72	7428364.83	1-2708	0.00	5681702.64	7428398.31	1-2707	0.00
5681690.71	7428364.54	1-1024	0.00	5681683.14	7428345.90	1-53	0.00
5681683.14	7428345.90	1-53	0.00	5681682.08	7428346.21	1-2709	0.00
5681682.08	7428346.21	1-2709	0.00	5681689.72	7428364.83	1-2708	0.00
5681662.43	7428294.55	1-1025	0.00	5681683.14	7428345.90	1-53	0.00
5681668.53	7428313.18	1-2778	0.00	5681682.08	7428346.21	1-2709	0.00
5681682.08	7428346.21	1-2709	0.00	5681600.41	7428372.72	1-1251	0.30
5681600.41	7428372.72	1-1251	0.30	5681588.16	7428317.99	1-1246	0.30
5681588.16	7428317.99	1-1246	0.30	5681660.45	7428295.17	1-2777	0.00
5681588.16	7428317.99	1-1246	0.30	5681518.45	7428339.55	1-916	0.00
5681518.45	7428339.55	1-916	0.00	5681497.90	7428305.65	1-914	0.00
5681518.45	7428339.55	1-916	0.00	5681518.56	7428398.80	1-917	0.00
5681518.56	7428398.80	1-917	0.00	5681518.60	7428419.90	1-918	0.00
5681518.56	7428398.80	1-917	0.00	5681600.41	7428372.72	1-1251	0.30
5681642.82	7428380.17	1-1254	0.30	5681686.80	7428365.77	1-1253	0.30
5682188.82	7429897.15	1-2620	0.00	5682443.01	7429851.09	1-1449	0.00
5681953.94	7428410.08	1-10050	0.00	5682262.19	7428336.78	1-1247	0.70
5681729.37	7428677.17	1-149	0.00	5681718.29	7428650.03	1-148	0.00
5681718.29	7428650.03	1-148	0.00	5681687.86	7428662.65	1-539	0.00
5681687.86	7428662.65	1-539	0.00	5681701.31	7428695.26	1-542	0.00
5681729.37	7428677.17	1-149	0.00	5681701.31	7428695.26	1-542	0.00
5681768.54	7428663.78	1-665	0.00	5681767.52	7428664.42	1-666	0.00
5681767.52	7428664.42	1-666	0.00	5681763.05	7428672.29	1-667	0.00
5681763.05	7428672.29	1-667	0.00	5681762.44	7428676.07	1-642	0.00
5681768.40	7428694.31	1-630	0.00	5681807.46	7428686.55	1-639	0.00
5681807.46	7428686.55	1-639	0.00	5681814.11	7428685.23	1-668	0.00
5681814.11	7428685.23	1-668	0.00	5681855.93	7428677.02	1-641	0.00
5681855.93	7428677.02	1-641	0.00	5681861.68	7428675.93	1-640	0.00
5681861.68	7428675.93	1-640	0.00	5681881.29	7428671.88	1-2016	0.00
5681881.29	7428671.88	1-2016	0.00	5681884.91	7428671.54	1-627	0.00
5681884.91	7428671.54	1-627	0.00	5681912.47	7428666.60	1-654	0.00
5681912.47	7428666.60	1-654	0.00	5681919.36	7428665.36	1-653	0.00
5681919.36	7428665.36	1-653	0.00	5682048.39	7428642.23	1-624	0.00
5681914.62	7428638.92	1-645	0.00	5681919.36	7428665.36	1-653	0.00
5681912.47	7428666.60	1-654	0.00	5681907.74	7428640.17	1-644	0.00
5681912.47	7428666.60	1-654	0.00	5681916.36	7428688.25	1-648	0.00
5681916.36	7428688.25	1-648	0.00	5681914.74	7428690.58	1-649	0.00
5681914.74	7428690.58	1-649	0.00	5681889.14	7428695.17	1-652	0.00
5681889.14	7428695.17	1-652	0.00	5681890.16	7428700.80	1-626	0.00
5681889.14	7428695.17	1-652	0.00	5681884.91	7428671.54	1-627	0.00
5681881.29	7428671.88	1-2016	0.00	5681873.94	7428643.63	1-628	0.00
5681889.14	7428695.17	1-652	0.00	5681868.64	7428698.84	1-650	0.00
5681868.64	7428698.84	1-650	0.00	5681865.75	7428697.33	1-651	0.00
5681865.75	7428697.33	1-651	0.00	5681863.60	7428686.02	1-657	0.00
5681863.60	7428686.02	1-657	0.00	5681861.68	7428675.93	1-640	0.00
5681855.93	7428677.02	1-641	0.00	5681857.79	7428687.09	1-632	0.00
5681857.79	7428687.09	1-632	0.00	5681863.60	7428686.02	1-657	0.00
5681857.79	7428687.09	1-632	0.00	5681815.88	7428694.76	1-656	0.00
5681815.88	7428694.76	1-656	0.00	5681814.11	7428685.23	1-668	0.00
5681814.11	7428685.23	1-668	0.00	5681811.85	7428673.04	1-655	0.00
5681811.85	7428673.04	1-655	0.00	5681820.94	7428671.26	1-661	0.00
5681820.94	7428671.26	1-661	0.00	5681820.00	7428666.46	1-660	0.00
5681820.00	7428666.46	1-660	0.00	5681832.27	7428664.06	1-659	0.00
5681832.27	7428664.06	1-659	0.00	5681832.82	7428666.91	1-658	0.00
5681832.82	7428666.91	1-658	0.00	5681853.33	7428662.91	1-637	0.00
5681853.33	7428662.91	1-637	0.00	5681855.93	7428677.02	1-641	0.00
5681861.68	7428675.93	1-640	0.00	5681858.98	7428661.81	1-633	0.00
5681858.98	7428661.81	1-633	0.00	5681853.33	7428662.91	1-637	0.00
5681807.46	7428686.55	1-639	0.00	5681801.86	7428661.98	1-664	0.00
5682319.03	7427951.82	1-1127	0.00	5682315.25	7427957.01	1-1130	0.00
5682315.25	7427957.01	1-1130	0.00	5682308.10	7427966.84	1-1132	0.00
5682308.10	7427966.84	1-1132	0.00	5682304.04	7427972.42	1-1133	0.00
5682304.04	7427972.42	1-1133	0.00	5682297.94	7427980.81	1-1135	0.00
5681801.38	7428718.24	1-535	0.00	5681824.52	7428731.32	1-537	0.00
5682349.81	7428553.03	1-1286	0.60	5682578.49	7428515.45	1-1285	0.00
5682951.05	7429722.54	1-2262	0.00	5682950.87	7429715.04	1-10002	0.20
5683122.27	7429758.07	1-2459	0.00	5683221.19	7429767.19	1-2464	0.00
5683221.19	7429767.19	1-2464	0.00	5683327.42	7429776.69	1-2520	0.00
5683603.13	7429803.17	1-2581	0.00	5683653.01	7429808.30	1-2481	0.00
5683019.23	7429747.86	1-2451	0.00	5683017.12	7429761.65	1-2461	0.00
5682337.95	7429524.36	1-2191	0.00	5682341.18	7429531.18	1-2200	0.50
5682738.41	7429330.28	1-2081	0.10	5682753.51	7429340.15	1-2080	0.00
5682548.69	7429834.91	1-2557	0.00	5682545.97	7429936.50	O-5287	0.00
5683629.52	7429109.79	O-4381	0.00	5683625.17	7429124.68	O-4391	0.00
5682316.25	7429877.10	1-2629	0.00	5682336.35	7429974.82	O-5342	0.00
5682649.33	7429816.61	1-2548	0.00	5682634.93	7429920.55	O-5259	0.00
5681047.89	7428072.74	O-3243	0.00	5681493.00	7427919.70	1-961	0.00
5681496.31	7427918.57	1-889	0.00	5681529.40	7427907.19	1-2752	0.00
5681727.60	7428610.68	1-10016	0.00	5681730.74	7428618.37	1-540	0.00
5681496.55	7427716.29	1-67	0.00	5681530.93	7427720.79	1-974	0.00
5681533.09	7427717.32	1-10010	0.00	5681530.93	7427720.79	1-974	0.00
5682441.61	7429849.70	1-10014	0.00	5682443.01	7429851.09	1-1449	0.00
5681571.87	7427670.65	1-10006	0.00	5681572.86	7427668.02	O-2804	0.00
5681539.65	7427702.14	1-856	0.00	5681533.09	7427717.32	1-10010	0.00
5681903.99	7428317.22	1-1232	0.00	5681892.58	7428320.91	1-1092	0.00
5683646.60	7429819.18	1-2480	0.00	5683647.17	7429818.03	1-10030	0.00
5683647.17	7429818.03	1-10030	0.00	5683653.01	7429808.30	1-2481	0.00
5683017.12	7429761.65	1-2461	0.00	5683071.39	7429766.61	1-2465	0.00
