5686163.63 7423729.79 5686178.760 7423747.88
5686175.34 7423759.86 5686178.760 7423747.88
5686186.03 7423756.58 5686178.760 7423747.88
5686186.03 7423756.58 5686196.580 7423769.19
5686203.62 7423777.61 5686196.580 7423769.19
5686196.58 7423769.19 5686193.040 7423779.71
5686186.03 7423756.58 5686179.590 7423779.58
5686175.34 7423759.86 5686147.570 7423857.08
5686179.59 7423779.58 5686157.359 7423858.65
5686193.04 7423779.71 5686165.810 7423860.71
5686108.43 7424069.37 5686178.070 7423863.15
5686165.81 7423860.71 5686178.070 7423863.15
5686096.32 7424065.75 5686161.595 7423859.44
5686157.35 7423858.65 5686161.595 7423859.44
5686153.06 7423858.18 5686084.250 7424062.16
5686147.57 7423857.08 5686153.060 7423858.18
5686084.25 7424062.16 5686096.328 7424065.75
5686096.32 7424065.75 5686108.435 7424069.37
5686104.52 7424079.63 5686096.160 7424104.24
5686083.30 7424064.32 5686072.680 7424095.69
5686059.68 7424090.95 5686072.680 7424095.69
5686060.80 7424061.81 5686059.680 7424090.95
5686059.68 7424090.95 5686058.740 7424115.33
5686096.16 7424104.24 5686072.680 7424095.69
5686104.52 7424079.63 5686108.435 7424069.37
5686083.30 7424064.32 5686084.250 7424062.16
5685780.04 7424945.02 5685781.330 7424951.30
5685778.81 7424939.04 5685780.040 7424945.02
5685815.90 7424933.18 5685778.810 7424939.04
5685817.09 7424938.72 5685780.040 7424945.02
5685782.43 7424956.71 5685806.840 7424951.91
5685806.84 7424951.91 5685819.820 7424951.40
5685819.61 7424950.44 5685819.820 7424951.40
5685817.09 7424938.72 5685818.350 7424944.58
5685817.09 7424938.72 5685815.900 7424933.18
5685781.33 7424951.30 5685818.350 7424944.58
5685778.81 7424939.04 5685729.370 7424946.87
5685729.37 7424946.87 5685684.880 7424953.90
5685684.88 7424953.90 5685652.280 7424959.06
5685652.28 7424959.06 5685561.630 7424973.47
5685563.36 7424981.92 5685653.790 7424966.49
5685565.32 7424991.44 5685655.460 7424974.69
5685656.82 7424981.40 5685655.460 7424974.69
5685656.82 7424981.40 5685642.510 7424984.21
5685568.41 7424999.94 5685642.510 7424984.21
5685689.20 7424975.03 5685656.820 7424981.40
5685687.89 7424968.67 5685655.460 7424974.69
5685686.31 7424960.96 5685653.790 7424966.49
5685655.46 7424974.69 5685653.790 7424966.49
5685653.79 7424966.49 5685652.280 7424959.06
5685686.31 7424960.96 5685684.880 7424953.90
5685730.71 7424953.41 5685686.310 7424960.96
5685687.89 7424968.67 5685686.310 7424960.96
5685732.15 7424960.44 5685687.890 7424968.67
5685689.20 7424975.03 5685687.890 7424968.67
5685733.37 7424966.35 5685689.200 7424975.03
5685780.04 7424945.02 5685730.710 7424953.41
5685730.71 7424953.41 5685729.370 7424946.87
5685732.15 7424960.44 5685730.710 7424953.41
5685315.10 7425052.04 5685395.060 7425035.78
5685315.10 7425052.04 5685320.800 7425036.87
5685315.10 7425052.04 5685280.596 7425059.05
5685326.32 7425022.18 5685320.800 7425036.87
5685392.55 7425023.56 5685320.800 7425036.87
5685390.05 7425011.37 5685326.320 7425022.18
5685387.90 7425000.93 5685330.920 7425009.91
5685330.92 7425009.91 5685326.320 7425022.18
5685330.92 7425009.91 5685335.250 7424998.40
5685335.25 7424998.40 5685340.050 7424985.61
5685887.75 7424909.67 5685340.050 7424985.61
5685340.05 7424985.61 5685355.360 7424944.85
5685561.47 7424925.66 5685355.360 7424944.85
5685355.36 7424944.85 5685365.800 7424917.05
5685365.80 7424917.05 5685562.720 7424906.02
5685365.80 7424917.05 5685380.920 7424876.79
5685564.60 7424876.32 5685380.920 7424876.79
5685385.65 7424864.12 5685565.310 7424865.13
5685385.65 7424864.12 5685380.920 7424876.79
5685385.65 7424864.12 5685396.200 7424835.21
5685566.95 7424839.29 5685396.200 7424835.21
5685396.20 7424835.21 5685419.070 7424772.50
5685419.07 7424772.50 5685594.790 7424804.46
5685438.72 7424718.61 5685419.070 7424772.50
5685907.79 7424824.26 5685909.330 7424828.97
5685901.12 7424823.75 5685909.330 7424828.97
5685907.79 7424824.26 5685901.120 7424823.75
5685887.48 7424822.72 5685901.120 7424823.75
5686004.93 7424397.54 5686007.390 7424386.70
5686004.93 7424397.54 5685938.160 7424373.34
5686004.93 7424397.54 5685999.580 7424421.14
5685999.58 7424421.14 5685996.950 7424430.07
5685991.23 7424449.51 5685996.950 7424430.07
5685991.23 7424449.51 5685990.700 7424451.31
5685931.63 7424427.89 5685991.230 7424449.51
5685938.58 7424408.91 5685996.950 7424430.07
5685928.57 7424369.86 5685938.160 7424373.34
5685945.50 7424353.05 5685938.160 7424373.34
5685928.57 7424369.86 5685871.370 7424349.13
5685960.92 7424530.94 5685960.560 7424529.20
5685966.50 7424555.57 5685960.920 7424530.94
5685960.92 7424530.94 5685891.860 7424506.50
5685884.75 7424526.69 5685891.860 7424506.50
5685562.37 7424389.77 5685891.860 7424506.50
5685884.75 7424526.69 5685883.230 7424531.03
5685967.93 7424565.08 5685967.110 7424558.29
5685883.23 7424531.03 5685967.110 7424558.29
5685966.50 7424555.57 5685967.110 7424558.29
5685884.75 7424526.69 5685966.500 7424555.57
5685974.26 7424587.72 5685967.930 7424565.08
5685971.13 7424601.83 5685974.260 7424587.72
5685970.21 7424601.50 5685540.910 7424448.47
5685884.75 7424526.69 5685554.910 7424410.15
5685970.43 7424604.99 5685971.130 7424601.83
5685971.13 7424601.83 5685970.210 7424601.50
5685954.27 7424651.61 5685954.890 7424650.40
5685953.11 7424652.77 5685954.270 7424651.61
5685944.44 7424661.47 5685953.110 7424652.77
5685953.11 7424652.77 5685860.470 7424619.63
5685902.05 7424603.90 5685862.930 7424590.15
5685855.80 7424617.96 5685862.930 7424590.15
5685855.80 7424617.96 5685860.470 7424619.63
5685855.80 7424617.96 5685814.570 7424603.21
5685825.74 7424576.52 5685862.930 7424590.15
5685532.91 7424471.29 5685825.740 7424576.52
5685816.26 7424599.69 5685825.740 7424576.52
5685816.26 7424599.69 5685814.570 7424603.21
5685803.02 7424599.08 5685814.570 7424603.21
5685570.56 7424510.54 5685816.260 7424599.69
5685803.02 7424599.08 5685794.150 7424623.61
5685803.02 7424599.08 5685793.120 7424595.54
5685699.04 7424561.88 5685793.120 7424595.54
5685784.22 7424619.84 5685793.120 7424595.54
5685784.22 7424619.84 5685794.150 7424623.61
5685784.22 7424619.84 5685784.160 7424619.99
5685784.22 7424619.84 5685691.270 7424583.65
5685784.16 7424619.99 5685743.180 7424605.16
5685742.47 7424607.15 5685743.180 7424605.16
5685743.18 7424605.16 5685738.480 7424603.45
5685738.05 7424605.55 5685742.470 7424607.15
5685738.05 7424605.55 5685738.480 7424603.45
5685690.72 7424585.20 5685738.480 7424603.45
5685632.76 7424567.36 5685738.050 7424605.55
5685689.23 7424632.33 5685738.050 7424605.55
5685840.92 7424642.86 5685742.470 7424607.15
5685839.62 7424646.44 5685840.920 7424642.86
5685850.77 7424646.43 5685840.920 7424642.86
5685839.62 7424646.44 5685825.720 7424684.83
5685800.60 7424632.31 5685786.770 7424670.51
5685825.72 7424684.83 5685786.770 7424670.51
5685747.90 7424656.23 5685786.770 7424670.51
5685695.30 7424636.88 5685747.900 7424656.23
5685747.90 7424656.23 5685761.380 7424618.11
5685866.34 7424699.77 5685825.720 7424684.83
5685877.52 7424656.13 5685850.770 7424646.43
5685855.39 7424633.64 5685850.770 7424646.43
5685855.39 7424633.64 5685860.470 7424619.63
5685877.52 7424656.13 5685866.340 7424699.77
5685877.52 7424656.13 5685938.290 7424678.17
5685934.32 7424724.76 5685866.340 7424699.77
5685944.44 7424661.47 5685942.970 7424665.24
5685938.29 7424678.17 5685942.970 7424665.24
5685939.50 7424700.70 5685938.290 7424678.17
5685936.62 7424717.30 5685939.500 7424700.70
5685934.32 7424724.76 5685936.620 7424717.30
5685931.37 7424734.29 5685934.320 7424724.76
5685923.59 7424757.11 5685931.370 7424734.29
5685923.59 7424757.11 5685922.610 7424756.75
5685830.75 7424723.30 5685922.610 7424756.75
5685921.59 7424762.96 5685923.590 7424757.11
5685918.83 7424770.92 5685921.590 7424762.96
5685918.83 7424770.92 5685845.230 7424743.49
5685910.92 7424796.93 5685840.730 7424781.00
5685911.96 7424790.72 5685918.830 7424770.92
5685910.92 7424796.93 5685911.960 7424790.72
5685910.92 7424796.93 5685909.310 7424806.71
5685815.90 7424933.18 5685890.130 7424921.43
5685817.09 7424938.72 5685891.080 7424926.14
5685892.01 7424930.74 5685818.350 7424944.58
5685819.61 7424950.44 5685818.350 7424944.58
5685895.67 7424948.88 5685819.820 7424951.40
5685907.79 7424824.26 5685906.880 7424821.47
5685728.99 7423939.85 5685719.660 7423967.62
5685719.66 7423967.62 5685711.980 7423989.74
5685699.30 7424023.35 5685711.980 7423989.74
5685699.30 7424023.35 5685698.200 7424025.55
5685694.92 7424034.74 5685698.200 7424025.55
5685694.92 7424034.74 5685689.800 7424048.05
5685689.80 7424048.05 5685684.680 7424061.37
5685683.98 7424063.16 5685684.680 7424061.37
5685677.99 7424078.75 5685683.980 7424063.16
5685677.99 7424078.75 5685670.530 7424097.45
5685666.36 7424109.00 5685670.530 7424097.45
5685666.36 7424109.00 5685656.580 7424133.95
5685655.23 7424137.93 5685656.580 7424133.95
5685644.03 7424167.06 5685655.230 7424137.93
5685644.03 7424167.06 5685642.440 7424170.72
5685642.44 7424170.72 5685633.900 7424194.82
5685628.29 7424207.86 5685633.900 7424194.82
5685614.91 7424244.52 5685628.290 7424207.86
5685611.17 7424255.64 5685614.910 7424244.52
5685611.17 7424255.64 5685601.830 7424281.29
5685601.83 7424281.29 5685592.970 7424306.87
5685588.46 7424317.97 5685592.970 7424306.87
5685588.46 7424317.97 5685575.270 7424354.27
5685539.32 7424300.75 5685588.460 7424317.97
5685569.70 7424370.51 5685575.270 7424354.27
5685569.70 7424370.51 5685562.370 7424389.77
5685562.37 7424389.77 5685562.160 7424390.35
5685554.91 7424410.15 5685562.160 7424390.35
5685554.91 7424410.15 5685549.060 7424426.18
5685540.91 7424448.47 5685549.060 7424426.18
5685532.91 7424471.29 5685540.910 7424448.47
5685531.86 7424474.16 5685532.910 7424471.29
5685532.91 7424471.29 5685490.010 7424441.97
5685478.31 7424433.72 5685490.010 7424441.97
5685490.01 7424441.97 5685490.880 7424430.36
5685490.88 7424430.36 5685499.010 7424409.29
5685499.01 7424409.29 5685549.060 7424426.18
5685512.19 7424372.96 5685499.010 7424409.29
5685512.19 7424372.96 5685562.160 7424390.35
5685512.19 7424372.96 5685525.650 7424336.93
5685525.65 7424336.93 5685575.270 7424354.27
5685525.65 7424336.93 5685539.320 7424300.75
5685539.32 7424300.75 5685552.910 7424264.03
5685566.81 7424227.36 5685552.910 7424264.03
5685552.91 7424264.03 5685601.830 7424281.29
5685566.81 7424227.36 5685614.910 7424244.52
5685566.81 7424227.36 5685581.080 7424189.64
5685628.29 7424207.86 5685581.080 7424189.64
5685594.96 7424152.46 5685581.080 7424189.64
5685642.44 7424170.72 5685594.960 7424152.46
5685608.41 7424115.60 5685594.960 7424152.46
5685656.58 7424133.95 5685608.410 7424115.60
5685608.41 7424115.60 5685622.110 7424078.91
5685698.20 7424025.55 5685649.360 7424006.73
5685684.68 7424061.37 5685635.890 7424042.80
5685622.11 7424078.91 5685670.530 7424097.45
5685622.11 7424078.91 5685635.890 7424042.80
5685635.89 7424042.80 5685649.360 7424006.73
5685649.36 7424006.73 5685662.810 7423970.69
5685672.63 7423934.80 5685662.810 7423970.69
5685672.63 7423934.80 5685681.410 7423923.03
5685681.41 7423923.03 5685668.100 7423919.62
5685681.41 7423923.03 5685699.470 7423927.35
5685728.99 7423939.85 5685699.470 7423927.35
5685728.99 7423939.85 5685725.870 7423934.09
5685725.87 7423934.09 5685673.280 7423918.02
5685711.98 7423989.74 5685662.810 7423970.69
5685755.44 7423980.13 5685719.660 7423967.62
5685912.38 7424100.26 5685699.300 7424023.35
5685694.92 7424034.74 5685929.870 7424119.64
5685689.80 7424048.05 5685953.910 7424143.81
5685683.98 7424063.16 5685983.100 7424171.50
5685677.99 7424078.75 5686011.480 7424199.68
5686050.62 7424244.90 5685666.360 7424109.00
5686053.76 7424277.49 5685655.230 7424137.93
5686041.80 7424307.17 5685644.030 7424167.06
5686027.60 7424336.78 5685633.900 7424194.82
5685755.44 7423980.13 5685779.810 7423989.01
5685779.81 7423989.01 5685782.300 7423982.21
5685782.30 7423982.21 5685774.320 7423975.35
5685760.86 7423964.61 5685774.320 7423975.35
5685755.44 7423980.13 5685760.860 7423964.61
5685728.99 7423939.85 5685760.860 7423964.61
5685667.00 7423932.80 5685668.100 7423919.62
5685668.10 7423919.62 5685664.200 7423918.37
5685626.38 7423910.49 5685664.200 7423918.37
5685673.28 7423918.02 5685654.160 7423912.18
5685654.16 7423912.18 5685642.100 7423910.58
5685642.10 7423910.58 5685634.710 7423909.32
5685634.71 7423909.32 5685627.450 7423908.89
5685627.45 7423908.89 5685626.380 7423910.49
5685626.38 7423910.49 5685622.880 7423915.72
5685611.38 7423940.23 5685622.880 7423915.72
5685611.38 7423940.23 5685607.870 7423949.66
5685657.21 7423968.55 5685607.870 7423949.66
5685605.09 7423957.10 5685607.870 7423949.66
5685618.71 7423913.41 5685622.880 7423915.72
5685618.71 7423913.41 5685605.680 7423906.40
5685593.63 7423898.80 5685605.680 7423906.40
5685565.94 7423879.78 5685593.630 7423898.80
5685565.94 7423879.78 5685555.780 7423914.56
5685559.99 7423876.47 5685565.940 7423879.78
5685561.12 7423875.11 5685559.990 7423876.47
5685559.99 7423876.47 5685546.450 7423912.61
5685559.99 7423876.47 5685549.120 7423870.44
5685537.56 7423911.11 5685549.120 7423870.44
5685549.66 7423868.48 5685549.120 7423870.44
5685543.37 7423867.41 5685549.120 7423870.44
5685515.21 7423859.29 5685543.370 7423867.41
5685526.88 7423905.42 5685534.400 7423922.82
5685534.40 7423922.82 5685537.560 7423911.11
5685546.45 7423912.61 5685537.560 7423911.11
5685546.45 7423912.61 5685538.920 7423933.13
5685546.45 7423912.61 5685555.780 7423914.56
5685555.78 7423914.56 5685582.110 7423924.30
5685549.41 7423936.77 5685555.780 7423914.56
5685594.45 7423930.80 5685582.110 7423924.30
5685582.11 7423924.30 5685593.630 7423898.80
5685594.45 7423930.80 5685605.680 7423906.40
5685594.45 7423930.80 5685611.380 7423940.23
5685585.56 7423950.18 5685605.090 7423957.10
5685594.45 7423930.80 5685585.560 7423950.18
5685572.35 7423945.41 5685582.110 7423924.30
5685547.98 7423942.74 5685603.000 7423962.74
5685603.00 7423962.74 5685605.090 7423957.10
5685603.00 7423962.74 5685593.500 7423988.27
5685593.50 7423988.27 5685642.614 7424007.24
5685591.61 7423993.36 5685593.500 7423988.27
5685591.61 7423993.36 5685580.530 7424023.16
5685531.10 7423970.69 5685591.610 7423993.36
5685580.53 7424023.16 5685578.990 7424026.84
5685519.94 7424000.47 5685580.530 7424023.16
5685578.99 7424026.84 5685628.352 7424045.60
5685657.21 7423968.55 5685642.614 7424007.24
5685628.35 7424045.60 5685642.614 7424007.24
5685628.35 7424045.60 5685613.850 7424084.19
5685564.72 7424065.39 5685613.850 7424084.19
5685613.85 7424084.19 5685599.380 7424122.58
5685550.52 7424103.86 5685599.380 7424122.58
5685599.38 7424122.58 5685585.060 7424161.06
5685536.20 7424142.39 5685585.060 7424161.06
5685570.26 7424200.77 5685585.060 7424161.06
5685520.75 7424183.17 5685570.260 7424200.77
5685556.01 7424239.63 5685570.260 7424200.77
5685506.09 7424221.85 5685556.010 7424239.63
5685556.01 7424239.63 5685541.460 7424278.62
5685491.66 7424261.03 5685541.460 7424278.62
5685541.46 7424278.62 5685526.900 7424317.61
5685477.04 7424299.99 5685526.900 7424317.61
5685512.16 7424356.49 5685526.900 7424317.61
5685512.16 7424356.49 5685462.550 7424339.01
5685498.36 7424392.96 5685512.160 7424356.49
5685498.36 7424392.96 5685448.980 7424375.50
5685485.21 7424428.33 5685498.360 7424392.96
5685478.31 7424433.72 5685485.210 7424428.33
5685438.68 7424405.12 5685478.310 7424433.72
5685444.47 7424416.51 5685437.500 7424408.23
5685437.50 7424408.23 5685435.350 7424413.99
5685437.50 7424408.23 5685433.830 7424403.88
5685435.35 7424413.99 5685412.170 7424384.21
5685335.47 7424681.84 5685435.350 7424413.99
5685438.68 7424405.12 5685438.830 7424402.91
5685438.68 7424405.12 5685435.580 7424401.45
5685397.68 7424353.02 5685438.830 7424402.91
5685438.83 7424402.91 5685448.980 7424375.50
5685461.40 7424341.87 5685448.980 7424375.50
5685400.57 7424319.11 5685461.400 7424341.87
5685461.40 7424341.87 5685462.550 7424339.01
5685472.65 7424311.94 5685462.550 7424339.01
5685411.80 7424289.14 5685472.650 7424311.94
5685472.65 7424311.94 5685477.040 7424299.99
5685483.79 7424281.96 5685477.040 7424299.99
5685423.03 7424259.17 5685483.790 7424281.96
5685483.79 7424281.96 5685491.660 7424261.03
5685494.95 7424252.00 5685491.660 7424261.03
5685434.25 7424229.21 5685494.950 7424252.00
5685494.95 7424252.00 5685506.090 7424221.85
5685506.09 7424221.85 5685520.750 7424183.17
5685445.48 7424199.24 5685506.090 7424221.85
5685521.02 7424182.16 5685520.750 7424183.17
5685460.42 7424159.37 5685521.020 7424182.16
5685521.02 7424182.16 5685536.200 7424142.39
5685475.32 7424119.58 5685536.200 7424142.39
5685547.28 7424112.58 5685536.200 7424142.39
5685547.28 7424112.58 5685550.520 7424103.86
5685486.48 7424089.80 5685547.280 7424112.58
5685558.36 7424082.78 5685550.520 7424103.86
5685497.63 7424060.03 5685558.360 7424082.78
5685569.45 7424052.97 5685564.720 7424065.39
5685558.36 7424082.78 5685564.720 7424065.39
5685508.79 7424030.25 5685569.450 7424052.97
5685569.45 7424052.97 5685578.990 7424026.84
5685531.10 7423970.69 5685519.940 7424000.47
5685519.94 7424000.47 5685508.790 7424030.25
5685508.79 7424030.25 5685497.630 7424060.03
5685497.63 7424060.03 5685486.480 7424089.80
5685486.48 7424089.80 5685475.320 7424119.58
5685475.32 7424119.58 5685460.420 7424159.37
5685460.42 7424159.37 5685445.480 7424199.24
5685445.48 7424199.24 5685434.250 7424229.21
5685434.25 7424229.21 5685423.030 7424259.17
5685423.03 7424259.17 5685411.800 7424289.14
5685411.80 7424289.14 5685400.570 7424319.11
5685400.57 7424319.11 5685391.920 7424342.22
5685397.68 7424353.02 5685391.920 7424342.22
5685393.62 7424352.25 5685391.920 7424342.22
5685391.92 7424342.22 5685391.580 7424340.24
5685391.58 7424340.24 5685472.590 7424123.99
5685397.68 7424356.45 5685393.620 7424352.25
5685418.35 7424379.44 5685397.680 7424356.45
5685435.58 7424401.45 5685418.350 7424379.44
5685437.50 7424408.23 5685438.680 7424405.12
5685438.68 7424405.12 5685446.220 7424414.08
5685433.83 7424403.88 5685416.050 7424381.37
5685416.05 7424381.37 5685395.270 7424358.23
5685395.27 7424358.23 5685388.910 7424351.66
5685388.91 7424351.66 5685387.070 7424356.77
5685387.07 7424356.77 5685412.170 7424384.21
5685276.97 7424661.51 5685387.070 7424356.77
5685387.07 7424356.77 5685351.490 7424309.47
5685353.66 7424303.84 5685351.490 7424309.47
5685229.49 7424645.54 5685351.490 7424309.47
5685351.49 7424309.47 5685326.080 7424274.77
5685388.91 7424351.66 5685381.240 7424343.75
5685381.24 7424343.75 5685353.660 7424303.84
5685383.65 7424341.97 5685354.920 7424300.38
5685385.06 7424343.42 5685393.620 7424352.25
5685383.65 7424341.97 5685385.060 7424343.42
5685362.67 7424278.11 5685403.730 7424293.22
5685362.67 7424278.11 5685361.770 7424277.78
5685357.18 7424293.22 5685359.070 7424297.68
5685357.18 7424293.22 5685354.920 7424300.38
5685357.18 7424293.22 5685356.320 7424291.17
5685354.92 7424300.38 5685333.490 7424269.37
5685353.66 7424303.84 5685331.080 7424271.15
5685331.08 7424271.15 5685319.260 7424259.74
5685319.26 7424259.74 5685316.970 7424265.89
5685326.08 7424274.77 5685316.970 7424265.89
5685181.53 7424629.41 5685316.970 7424265.89
5685293.45 7424244.18 5685316.970 7424265.89
5685513.86 7423862.08 5685494.800 7423862.96
5685494.16 7423860.03 5685514.750 7423859.21
5685515.21 7423859.29 5685514.750 7423859.21
5685494.16 7423860.03 5685488.560 7423861.53
5685494.80 7423862.96 5685487.720 7423865.16
5685474.01 7423868.52 5685487.720 7423865.16
5685487.72 7423865.16 5685476.300 7423899.97
5685474.01 7423868.52 5685461.990 7423871.81
5685461.99 7423871.81 5685454.370 7423892.00
5685454.37 7423892.00 5685444.110 7423919.85
5685454.37 7423892.00 5685476.300 7423899.97
5685466.00 7423927.92 5685444.110 7423919.85
5685444.11 7423919.85 5685435.460 7423943.32
5685477.84 7423958.92 5685435.460 7423943.32
5685435.46 7423943.32 5685425.560 7423970.20
5685461.99 7423871.81 5685436.830 7423878.69
5685476.26 7423965.97 5685479.350 7423957.46
5685477.84 7423958.92 5685479.350 7423957.46
5685487.24 7423935.74 5685479.350 7423957.46
5685466.00 7423927.92 5685487.240 7423935.74
5685487.24 7423935.74 5685490.630 7423926.39
5685497.45 7423907.63 5685490.630 7423926.39
5685494.57 7423928.82 5685490.630 7423926.39
5685538.92 7423933.13 5685531.800 7423951.74
5685549.41 7423936.77 5685538.920 7423933.13
5685538.92 7423933.13 5685534.400 7423922.82
5685511.80 7424005.12 5685520.910 7423980.79
5685483.88 7423958.63 5685476.260 7423965.97
5685468.08 7423988.48 5685476.260 7423965.97
5685457.90 7423982.03 5685476.260 7423965.97
5685457.01 7423979.19 5685425.560 7423970.20
5685422.79 7423977.19 5685425.560 7423970.20
5685422.79 7423977.19 5685409.738 7424012.31
5685422.79 7423977.19 5685426.600 7423975.43
5685428.52 7424019.70 5685409.738 7424012.31
5685409.73 7424012.31 5685396.595 7424047.94
5685384.47 7424080.86 5685396.595 7424047.94
5685415.58 7424054.61 5685396.595 7424047.94
5685384.47 7424080.86 5685380.680 7424091.14
5685386.24 7424084.69 5685384.470 7424080.86
5685380.68 7424091.14 5685384.500 7424089.38
5685370.62 7424118.34 5685380.680 7424091.14
5685362.47 7424125.94 5685367.150 7424127.72
5685367.15 7424127.72 5685370.620 7424118.34
5685414.53 7424135.05 5685370.620 7424118.34
5685320.72 7424253.81 5685367.150 7424127.72
5685427.06 7424100.78 5685424.770 7424107.00
5685438.71 7424105.35 5685427.060 7424100.78
5685427.06 7424100.78 5685433.870 7424081.97
5685433.87 7424081.97 5685440.682 7424063.19
5685442.13 7424058.98 5685440.682 7424063.19
5685420.53 7424049.86 5685442.132 7424058.98
5685442.13 7424058.98 5685447.500 7424044.34
5685447.50 7424044.34 5685453.592 7424027.55
5685432.02 7424018.91 5685453.592 7424027.55
5685453.59 7424027.55 5685454.313 7424025.50
5685454.31 7424025.50 5685461.130 7424006.74
5685467.06 7423991.30 5685461.130 7424006.74
5685468.08 7423988.48 5685467.060 7423991.30
5685445.93 7423983.70 5685467.060 7423991.30
5685458.46 7423985.02 5685468.080 7423988.48
5685468.08 7423988.48 5685511.800 7424005.12
5685511.80 7424005.12 5685506.530 7424019.17
5685511.19 7424020.99 5685506.530 7424019.17
5685511.19 7424020.99 5685472.590 7424123.99
5685504.78 7424023.85 5685461.130 7424006.74
5685504.78 7424023.85 5685506.530 7424019.17
5685497.76 7424042.58 5685454.313 7424025.50
5685490.75 7424061.31 5685447.500 7424044.34
5685483.73 7424080.04 5685440.682 7424063.19
5685446.01 7424086.73 5685433.870 7424081.97
5685467.86 7424122.31 5685472.590 7424123.99
5685417.37 7424127.54 5685424.770 7424107.00
5685417.37 7424127.54 5685421.880 7424129.33
5685417.37 7424127.54 5685414.530 7424135.05
5685353.30 7424285.33 5685414.530 7424135.05
5685369.67 7424259.18 5685371.370 7424254.51
5685369.67 7424259.18 5685369.490 7424259.11
5685369.67 7424259.18 5685410.770 7424274.49
5685369.67 7424259.18 5685362.670 7424278.11
5685357.18 7424293.22 5685362.670 7424278.11
5685319.97 7424256.28 5685333.490 7424269.37
5685319.97 7424256.28 5685320.720 7424253.81
5685320.72 7424253.81 5685335.170 7424267.89
5685319.09 7424255.42 5685319.970 7424256.28
5685319.09 7424255.42 5685295.980 7424237.13
5685317.17 7424257.72 5685319.260 7424259.74
5685294.91 7424240.10 5685317.170 7424257.72
5685294.91 7424240.10 5685293.450 7424244.18
5685158.81 7424621.43 5685293.450 7424244.18
5685293.45 7424244.18 5685274.460 7424226.63
5685275.23 7424224.53 5685294.910 7424240.10
5685346.47 7424010.93 5685270.170 7424216.15
5685272.04 7424218.18 5685270.170 7424216.15
5685276.31 7424221.56 5685272.040 7424218.18
5685295.98 7424237.13 5685276.310 7424221.56
5685313.03 7424122.89 5685276.310 7424221.56
5685295.98 7424237.13 5685334.650 7424133.54
5685275.23 7424224.53 5685274.460 7424226.63
5685134.21 7424612.15 5685274.460 7424226.63
5685268.27 7424220.33 5685274.460 7424226.63
5685268.27 7424220.33 5685126.540 7424609.25
5685268.27 7424220.33 5685269.020 7424219.29
5685263.09 7424215.21 5685268.270 7424220.33
5685254.79 7424203.81 5685269.020 7424219.29
5685256.71 7424201.51 5685270.170 7424216.15
5685550.48 7423868.96 5685549.660 7423868.48
5685561.12 7423875.11 5685550.480 7423868.96
5685562.14 7423872.33 5685561.120 7423875.11
5685562.14 7423872.33 5685563.340 7423868.69
5685562.14 7423872.33 5685566.390 7423874.79
5685515.21 7423859.29 5685517.080 7423856.14
5685759.06 7423517.24 5685755.780 7423526.08
5685663.67 7423774.56 5685755.780 7423526.08
5685766.13 7423518.86 5685763.260 7423526.60
5685763.26 7423526.60 5685669.790 7423778.44
5685804.54 7423529.45 5685806.190 7423524.94
5685806.19 7423524.94 5685841.530 7423535.45
5685806.19 7423524.94 5685804.870 7423524.66
5685894.98 7423570.28 5685841.530 7423535.45
5685908.10 7423580.15 5685895.680 7423570.80
5685895.68 7423570.80 5685894.980 7423570.28
5685895.68 7423570.80 5685891.390 7423582.97
5685891.39 7423582.97 5685851.490 7423695.99
5685851.49 7423695.99 5685845.370 7423693.79
5685840.22 7423727.90 5685851.490 7423695.99
5685832.67 7423730.62 5685845.370 7423693.79
5685845.37 7423693.79 5685824.074 7423701.44
5685824.07 7423701.44 5685799.247 7423698.88
5685792.45 7423716.76 5685799.247 7423698.88
5685792.45 7423716.76 5685832.671 7423730.62
5685792.45 7423716.76 5685781.841 7423744.76
5685781.84 7423744.76 5685822.900 7423759.02
5685781.84 7423744.76 5685775.650 7423761.34
5685775.65 7423761.34 5685769.680 7423769.06
5685765.52 7423771.84 5685769.680 7423769.06
5685765.52 7423771.84 5685810.291 7423786.42
5685765.52 7423771.84 5685757.700 7423777.05
5685752.70 7423776.99 5685757.700 7423777.05
5685728.49 7423840.20 5685752.700 7423776.99
5685752.70 7423776.99 5685725.600 7423776.69
5685708.26 7423792.05 5685725.600 7423776.69
5685804.54 7423529.45 5685708.260 7423792.05
5685708.26 7423792.05 5685694.701 7423829.08
5685728.49 7423840.20 5685694.701 7423829.08
5685693.20 7423833.14 5685694.701 7423829.08
5685693.20 7423833.14 5685680.310 7423828.83
5685693.20 7423833.14 5685694.620 7423833.63
5685694.62 7423833.63 5685683.600 7423864.14
5685702.82 7423836.36 5685694.620 7423833.63
5685702.82 7423836.36 5685698.250 7423838.47
5685728.88 7423845.81 5685702.820 7423836.36
5685733.23 7423841.79 5685728.490 7423840.20
5685764.28 7423852.40 5685733.230 7423841.79
5685745.75 7423809.11 5685733.230 7423841.79
5685745.75 7423809.11 5685775.560 7423819.41
5685745.75 7423809.11 5685754.150 7423787.18
5685766.84 7423777.85 5685754.150 7423787.18
5685787.77 7423784.72 5685766.842 7423777.85
5685787.77 7423784.72 5685775.560 7423819.41
5685787.77 7423784.72 5685816.690 7423793.84
5685810.29 7423786.42 5685814.740 7423782.61
5685822.90 7423759.02 5685814.740 7423782.61
5685816.69 7423793.84 5685803.562 7423830.57
5685835.18 7423742.03 5685816.690 7423793.84
5685832.67 7423730.62 5685822.900 7423759.02
5685774.99 7423821.21 5685803.562 7423830.57
5685790.51 7423867.23 5685803.562 7423830.57
5685790.51 7423867.23 5685794.340 7423868.69
5685790.51 7423867.23 5685762.600 7423857.10
5685764.28 7423852.40 5685762.600 7423857.10
5685764.28 7423852.40 5685774.991 7423821.21
5685774.99 7423821.21 5685775.560 7423819.41
5685757.28 7423855.32 5685762.600 7423857.10
5685757.28 7423855.32 5685744.472 7423893.20
5685728.88 7423845.81 5685757.280 7423855.32
5685728.88 7423845.81 5685715.294 7423883.51
5685715.29 7423883.51 5685744.472 7423893.20
5685732.71 7423928.46 5685744.472 7423893.20
5685732.71 7423928.46 5685731.080 7423933.30
5685730.62 7423934.99 5685731.080 7423933.30
5685730.62 7423934.99 5685762.280 7423960.54
5685730.62 7423934.99 5685727.790 7423931.54
5685767.73 7423944.92 5685762.280 7423960.54
5685794.34 7423868.69 5685767.730 7423944.92
5685777.02 7423972.39 5685762.280 7423960.54
5685777.02 7423972.39 5685783.760 7423978.22
5685791.81 7423956.23 5685783.760 7423978.22
5685799.66 7423991.95 5685783.760 7423978.22
5685820.24 7423878.54 5685791.810 7423956.23
5685663.67 7423774.56 5685669.790 7423778.44
5685663.67 7423774.56 5685647.830 7423817.92
5685669.79 7423778.44 5685658.090 7423810.56
5685663.52 7423812.43 5685658.090 7423810.56
5685663.52 7423812.43 5685659.960 7423821.98
5685658.09 7423810.56 5685654.560 7423820.15
5685654.99 7423820.28 5685659.960 7423821.98
5685664.20 7423823.43 5685659.960 7423821.98
5685771.43 7423527.16 5685664.200 7423823.43
5685788.49 7423528.34 5685680.310 7423828.83
5685685.45 7423873.61 5685698.250 7423838.47
5685731.08 7423933.30 5685719.690 7423927.08
5685674.16 7423915.15 5685727.790 7423931.54
5685719.69 7423927.08 5685708.350 7423922.55
5685701.57 7423920.97 5685708.350 7423922.55
5685715.29 7423883.51 5685701.570 7423920.97
5685701.57 7423920.97 5685673.670 7423913.70
5685674.03 7423908.96 5685673.670 7423913.70
5685685.45 7423873.61 5685674.034 7423908.96
5685665.73 7423911.81 5685673.670 7423913.70
5685665.73 7423911.81 5685633.110 7423904.94
5685674.16 7423915.15 5685654.740 7423909.50
5685642.98 7423907.71 5685654.740 7423909.50
5685635.04 7423906.33 5685642.980 7423907.71
5685635.04 7423906.33 5685632.630 7423906.21
5685632.63 7423906.21 5685633.110 7423904.94
5685628.55 7423906.00 5685632.630 7423906.21
5685628.55 7423906.00 5685629.110 7423904.52
5685628.55 7423906.00 5685622.690 7423905.70
5685629.11 7423904.52 5685629.290 7423904.15
5685629.29 7423904.15 5685633.110 7423904.94
5685645.84 7423859.90 5685629.290 7423904.15
5685649.87 7423860.80 5685633.110 7423904.94
5685649.87 7423860.80 5685646.020 7423859.44
5685645.84 7423859.90 5685646.020 7423859.44
5685629.44 7423853.92 5685645.840 7423859.90
5685646.02 7423859.44 5685647.681 7423854.88
5685651.45 7423856.20 5685647.681 7423854.88
5685651.45 7423856.20 5685649.871 7423860.80
5685653.11 7423851.79 5685651.450 7423856.20
5685668.28 7423856.88 5685653.110 7423851.79
5685666.56 7423861.56 5685651.450 7423856.20
5685649.87 7423860.80 5685677.942 7423870.82
5685668.28 7423856.88 5685666.564 7423861.56
5685679.48 7423866.11 5685666.564 7423861.56
5685683.60 7423864.14 5685679.480 7423866.11
5685677.94 7423870.82 5685679.662 7423874.75
5685679.66 7423874.75 5685673.119 7423895.86
5685673.11 7423895.86 5685665.732 7423911.81
5685668.28 7423856.88 5685678.990 7423828.39
5685680.31 7423828.83 5685678.990 7423828.39
5685664.20 7423823.43 5685678.990 7423828.39
5685715.29 7423883.51 5685685.454 7423873.61
5685654.99 7423820.28 5685644.230 7423849.41
5685659.96 7423821.98 5685647.681 7423854.88
5685626.38 7423847.69 5685639.010 7423851.84
5685639.01 7423851.84 5685644.230 7423849.41
5685647.83 7423817.92 5685654.560 7423820.15
5685644.77 7423816.92 5685647.830 7423817.92
5685752.89 7423525.88 5685644.770 7423816.92
5685644.77 7423816.92 5685638.550 7423814.88
5685638.55 7423814.88 5685626.380 7423847.69
5685613.14 7423897.50 5685611.850 7423900.96
5685598.90 7423895.29 5685610.020 7423900.15
5685598.90 7423895.29 5685596.180 7423893.64
5685596.97 7423891.86 5685610.020 7423900.15
5685622.69 7423905.70 5685611.850 7423900.96
5685611.85 7423900.96 5685610.020 7423900.15
5685588.33 7423888.87 5685596.180 7423893.64
5685596.18 7423893.64 5685596.870 7423891.79
5685582.34 7423881.37 5685596.870 7423891.79
5685588.33 7423888.87 5685581.270 7423884.25
5685730.95 7423524.37 5685625.620 7423810.51
5685722.17 7423523.76 5685617.850 7423807.91
5685714.79 7423523.25 5685610.930 7423805.59
5685604.58 7423803.46 5685625.040 7423747.27
5685592.64 7423799.47 5685613.040 7423743.05
5685584.12 7423796.42 5685682.780 7423521.04
5685672.71 7423520.35 5685575.310 7423793.16
5685661.64 7423519.58 5685566.310 7423789.82
5685641.60 7423518.20 5685548.310 7423783.15
5685538.75 7423779.60 5685630.380 7423517.42
5685625.62 7423810.51 5685638.550 7423814.88
5685625.62 7423810.51 5685622.220 7423809.37
5685622.22 7423809.37 5685610.040 7423842.14
5685617.85 7423807.91 5685622.220 7423809.37
5685617.85 7423807.91 5685610.930 7423805.59
5685610.93 7423805.59 5685605.800 7423803.87
5685605.80 7423803.87 5685593.630 7423836.71
5685604.58 7423803.46 5685605.800 7423803.87
5685604.58 7423803.46 5685592.640 7423799.47
5685592.64 7423799.47 5685589.370 7423798.37
5685589.37 7423798.37 5685577.090 7423831.58
5685589.37 7423798.37 5685584.530 7423796.56
5685584.53 7423796.56 5685571.660 7423829.27
5685584.12 7423796.42 5685579.850 7423794.83
5685566.07 7423829.76 5685579.850 7423794.83
5685575.31 7423793.16 5685579.850 7423794.83
5685575.31 7423793.16 5685566.310 7423789.82
5685566.31 7423789.82 5685548.310 7423783.15
5685548.31 7423783.15 5685543.520 7423781.37
5685538.75 7423779.60 5685543.520 7423781.37
5685522.50 7423773.58 5685538.750 7423779.60
5685522.50 7423773.58 5685503.590 7423766.57
5685489.78 7423858.35 5685522.500 7423773.58
5685489.78 7423858.35 5685488.560 7423861.53
5685543.52 7423781.37 5685531.440 7423816.15
5685566.07 7423829.76 5685531.440 7423816.15
5685531.44 7423816.15 5685517.080 7423856.14
5685570.07 7423876.92 5685581.270 7423884.25
5685570.07 7423876.92 5685566.390 7423874.79
5685567.55 7423871.70 5685566.390 7423874.79
5685542.29 7423860.60 5685517.080 7423856.14
5685493.63 7423856.71 5685517.080 7423856.14
5685488.56 7423861.53 5685473.370 7423865.59
5685463.31 7423868.34 5685473.370 7423865.59
5685416.97 7423815.12 5685412.870 7423827.33
5685412.87 7423827.33 5685393.220 7423885.14
5685393.69 7423835.13 5685412.870 7423827.33
5685393.69 7423835.13 5685382.870 7423887.37
5685393.69 7423835.13 5685369.490 7423843.73
5685360.05 7423892.37 5685369.490 7423843.73
5685369.49 7423843.73 5685352.460 7423849.25
5685360.05 7423892.37 5685382.870 7423887.37
5685358.05 7423892.81 5685360.050 7423892.37
5685340.80 7423896.13 5685352.460 7423849.25
5685358.05 7423892.81 5685340.800 7423896.13
5685318.77 7423900.37 5685340.800 7423896.13
5685316.97 7423900.58 5685318.770 7423900.37
5685298.81 7423902.68 5685316.970 7423900.58
5685316.97 7423900.58 5685330.740 7423858.54
5685332.49 7423853.12 5685330.740 7423858.54
5685333.95 7423848.62 5685332.490 7423853.12
5685304.85 7423867.28 5685330.740 7423858.54
5685332.49 7423853.12 5685352.460 7423849.25
5685309.20 7423852.50 5685304.850 7423867.28
5685309.20 7423852.50 5685333.950 7423848.62
5685309.20 7423852.50 5685296.710 7423854.46
5685296.33 7423902.98 5685298.441 7423888.24
5685298.81 7423902.68 5685294.320 7423903.22
5685276.98 7423905.32 5685294.320 7423903.22
5685312.70 7423907.24 5685307.130 7423907.93
5685319.41 7423903.30 5685312.700 7423907.24
5685312.70 7423907.24 5685283.230 7423988.53
5685295.57 7423939.80 5685307.130 7423907.93
5685274.94 7423911.94 5685307.130 7423907.93
5685274.94 7423911.94 5685268.370 7423929.77
5685244.03 7423912.26 5685274.940 7423911.94
5685244.03 7423912.26 5685243.670 7423917.79
5685244.03 7423912.26 5685240.320 7423912.70
5685239.67 7423918.66 5685239.950 7423912.72
5685240.32 7423912.70 5685239.950 7423912.72
5685217.38 7423913.07 5685239.950 7423912.72
5685216.51 7423916.14 5685217.380 7423913.07
5685217.38 7423913.07 5685211.890 7423916.40
5685216.51 7423916.14 5685181.170 7424016.56
5685192.65 7423969.76 5685211.890 7423916.40
5685186.24 7423914.73 5685211.890 7423916.40
5685186.24 7423914.73 5685169.380 7423961.81
5685169.38 7423961.81 5685192.650 7423969.76
5685092.72 7424175.94 5685169.380 7423961.81
5685092.72 7424175.94 5685091.240 7424180.03
5685091.24 7424180.03 5685096.700 7424180.47
5685091.24 7424180.03 5685051.520 7424176.79
5685051.52 7424176.79 5685039.370 7424211.33
5684925.85 7424534.17 5685039.370 7424211.33
5684971.04 7424550.98 5685084.640 7424216.04
5685110.11 7424218.35 5684989.790 7424557.95
5685136.09 7424220.46 5685009.200 7424565.17
5685039.37 7424211.33 5685019.440 7424211.64
5685084.64 7424216.04 5685072.000 7424211.01
5685096.70 7424180.47 5685084.640 7424216.04
5685110.11 7424218.35 5685084.640 7424216.04
5685039.37 7424211.33 5685072.000 7424211.01
5685117.66 7424198.32 5685110.110 7424218.35
5685136.09 7424220.46 5685110.110 7424218.35
5685117.66 7424198.32 5685140.870 7424207.47
5685117.66 7424198.32 5685123.720 7424181.27
5685140.87 7424207.47 5685139.050 7424212.39
5685136.09 7424220.46 5685139.050 7424212.39
5685152.44 7424101.26 5685123.720 7424181.27
5685152.44 7424101.26 5685176.980 7424106.79
5685152.44 7424101.26 5685181.170 7424016.56
5685181.17 7424016.56 5685205.680 7424025.26
5685240.25 7423970.64 5685243.670 7423917.79
5685236.32 7423990.48 5685240.250 7423970.64
5685237.35 7424000.53 5685236.320 7423990.48
5685238.40 7424010.37 5685237.350 7424000.53
5685238.33 7424011.70 5685238.400 7424010.37
5685238.33 7424011.70 5685242.450 7424000.15
5685238.33 7424011.70 5685237.230 7424027.57
5685283.23 7423988.53 5685274.700 7424012.03
5685278.53 7423986.82 5685283.230 7423988.53
5685274.70 7424012.03 5685265.320 7424037.90
5685270.00 7424010.32 5685274.700 7424012.03
5685260.62 7424036.19 5685265.320 7424037.90
5685231.39 7424130.23 5685265.320 7424037.90
5685260.62 7424036.19 5685233.670 7424110.51
5685260.62 7424036.19 5685237.230 7424027.57
5685233.67 7424110.51 5685237.230 7424027.57
5685231.39 7424130.23 5685233.670 7424110.51
5685230.72 7424138.31 5685231.390 7424130.23
5685241.65 7424176.90 5685230.720 7424138.31
5685256.71 7424201.51 5685241.650 7424176.90
5685238.71 7424177.50 5685254.790 7424203.81
5685238.71 7424177.50 5685227.980 7424139.60
5685225.17 7424148.06 5685227.420 7424150.05
5685227.08 7424142.48 5685225.170 7424148.06
5685227.08 7424142.48 5685227.980 7424139.60
5685227.08 7424142.48 5685226.460 7424133.58
5685222.14 7424145.34 5685225.170 7424148.06
5685227.78 7424138.91 5685231.660 7424090.36
5685231.09 7424070.31 5685231.660 7424090.36
5685234.89 7424021.03 5685233.520 7424050.41
5685235.39 7424010.45 5685234.890 7424021.03
5685234.89 7424021.03 5685227.560 7424041.38
5685234.36 7424000.39 5685235.390 7424010.45
5685233.29 7423990.34 5685234.360 7424000.39
5685237.25 7423970.50 5685233.290 7423990.34
5685237.25 7423970.50 5685239.410 7423921.14
5685239.67 7423918.66 5685239.410 7423921.14
5685239.41 7423921.14 5685227.240 7423959.11
5685227.24 7423959.11 5685228.100 7424027.43
5685205.68 7424025.26 5685227.240 7423959.11
5685227.56 7424041.38 5685227.850 7424033.93
5685219.88 7424062.00 5685227.560 7424041.38
5685226.78 7424062.40 5685227.560 7424041.38
5685203.58 7424032.18 5685227.850 7424033.93
5685205.68 7424025.26 5685203.580 7424032.18
5685203.58 7424032.18 5685193.510 7424060.44
5685193.51 7424060.44 5685219.880 7424062.00
5685193.51 7424060.44 5685185.150 7424083.89
5685176.98 7424106.79 5685185.150 7424083.89
5685185.15 7424083.89 5685211.340 7424084.86
5685211.34 7424084.86 5685219.880 7424062.00
5685225.90 7424085.40 5685211.340 7424084.86
5685226.78 7424062.40 5685219.880 7424062.00
5685163.00 7424215.78 5685139.050 7424212.39
5685136.09 7424220.46 5685151.480 7424218.11
5685148.85 7424185.69 5685140.870 7424207.47
5685148.85 7424185.69 5685161.870 7424149.18
5685161.87 7424149.18 5685185.970 7424144.54
5685176.98 7424106.79 5685161.870 7424149.18
5685176.98 7424106.79 5685196.480 7424107.53
5685202.79 7424107.77 5685196.480 7424107.53
5685202.79 7424107.77 5685211.340 7424084.86
5685202.79 7424107.77 5685225.030 7424108.61
5685196.48 7424107.53 5685197.200 7424122.74
5685202.79 7424107.77 5685197.200 7424122.74
5685197.20 7424122.74 5685189.300 7424143.90
5685198.13 7424142.20 5685197.200 7424122.74
5685198.13 7424142.20 5685189.300 7424143.90
5685189.30 7424143.90 5685185.970 7424144.54
5685189.30 7424143.90 5685186.750 7424150.72
5685185.97 7424144.54 5685186.750 7424150.72
5685172.11 7424190.02 5685186.750 7424150.72
5685186.75 7424150.72 5685195.670 7424211.17
5685186.75 7424150.72 5685222.140 7424145.34
5685163.00 7424215.78 5685172.110 7424190.02
5685162.78 7424216.39 5685163.000 7424215.78
5685204.07 7424209.83 5685207.560 7424195.69
5685204.07 7424209.83 5685195.670 7424211.17
5685204.07 7424209.83 5685065.640 7424586.29
5685227.08 7424142.48 5685227.420 7424150.05
5685227.78 7424138.91 5685227.980 7424139.60
5685153.29 7423844.07 5685147.980 7423842.89
5685134.43 7423831.20 5685147.980 7423842.89
5685109.22 7423899.45 5685134.430 7423831.20
5685134.43 7423831.20 5685119.390 7423817.54
5685109.22 7423899.45 5685131.920 7423901.92
5685116.23 7423815.73 5685119.390 7423817.54
5685116.23 7423815.73 5685110.770 7423830.85
5685110.77 7423830.85 5685086.840 7423897.02
5685109.22 7423899.45 5685086.840 7423897.02
5685050.97 7423893.11 5685086.840 7423897.02
5685085.09 7423901.84 5685049.310 7423897.96
5685049.31 7423897.96 5685034.420 7423938.70
5685049.31 7423897.96 5685017.850 7423894.71
5685013.97 7423894.12 5685017.850 7423894.71
5685005.84 7423928.44 5685017.850 7423894.71
5685005.84 7423928.44 5685034.420 7423938.70
5685026.05 7423961.97 5685034.420 7423938.70
5684997.54 7423951.74 5685026.050 7423961.97
5685026.05 7423961.97 5685017.670 7423985.30
5685010.58 7424005.03 5685017.670 7423985.30
5684989.22 7423975.09 5685017.670 7423985.30
5685010.58 7424005.03 5685007.580 7424013.37
5684981.04 7423997.89 5685010.580 7424005.03
5684979.21 7424003.19 5685007.580 7424013.37
5684997.47 7424041.51 5685007.580 7424013.37
5684997.47 7424041.51 5684992.870 7424054.30
5684986.20 7424072.88 5684992.870 7424054.30
5684977.16 7424098.04 5684986.200 7424072.88
5684957.99 7424062.76 5684986.200 7424072.88
5684949.02 7424087.95 5684977.160 7424098.04
5684977.16 7424098.04 5684966.960 7424126.42
5684938.90 7424116.36 5684966.960 7424126.42
5684966.96 7424126.42 5684957.870 7424151.72
5684957.39 7424153.04 5684957.870 7424151.72
5684929.88 7424141.68 5684957.870 7424151.72
5684957.39 7424153.04 5684951.980 7424168.67
5684951.98 7424168.67 5684946.180 7424168.20
5684916.74 7424166.15 5684946.180 7424168.20
5684946.18 7424168.20 5684933.530 7424202.63
5685019.44 7424211.64 5685001.810 7424216.59
5685032.43 7424175.42 5685019.440 7424211.64
5684903.91 7424526.00 5685019.440 7424211.64
5684959.29 7424214.56 5685001.810 7424216.59
5684975.50 7424170.59 5684959.290 7424214.56
5684975.50 7424170.59 5684951.980 7424168.67
5684959.29 7424214.56 5684933.530 7424202.63
5684933.53 7424202.63 5684906.820 7424193.37
5684825.23 7424497.47 5684933.530 7424202.63
5684851.49 7424506.89 5684959.290 7424214.56
5684979.95 7423767.02 5685008.860 7423786.83
5684979.95 7423767.02 5684970.610 7423763.47
5684953.17 7423756.84 5684970.610 7423763.47
5684942.08 7423826.95 5684970.610 7423763.47
5684942.01 7423750.05 5684953.170 7423756.84
5684942.01 7423750.05 5684939.980 7423748.82
5684939.27 7423755.22 5684942.010 7423750.05
5684878.43 7423869.98 5684939.270 7423755.22
5684939.98 7423748.82 5684909.250 7423806.50
5684909.06 7423730.01 5684939.980 7423748.82
5684909.06 7423730.01 5684878.090 7423711.18
5684905.09 7423736.74 5684909.060 7423730.01
5684905.09 7423736.74 5684895.270 7423753.55
5684895.27 7423753.55 5684877.330 7423784.19
5684895.27 7423753.55 5684863.060 7423737.05
5684863.06 7423737.05 5684860.010 7423735.54
5684860.01 7423735.54 5684843.100 7423767.43
5684839.23 7423726.10 5684860.010 7423735.54
5684863.06 7423737.05 5684844.700 7423768.14
5684849.82 7423706.79 5684839.230 7423726.10
5684805.89 7423786.94 5684839.230 7423726.10
5684767.90 7423856.26 5684805.890 7423786.94
5684805.89 7423786.94 5684826.470 7423797.16
5684843.10 7423767.43 5684826.470 7423797.16
5684796.16 7423859.82 5684826.470 7423797.16
5684844.70 7423768.14 5684843.100 7423767.43
5684844.70 7423768.14 5684835.540 7423784.84
5684877.33 7423784.19 5684844.700 7423768.14
5684867.33 7423801.24 5684835.540 7423784.84
5684827.55 7423798.02 5684835.540 7423784.84
5684827.55 7423798.02 5684859.770 7423814.15
5684827.55 7423798.02 5684798.380 7423860.10
5684798.38 7423860.10 5684796.160 7423859.82
5684830.36 7423864.36 5684798.380 7423860.10
5684767.90 7423856.26 5684796.160 7423859.82
5684877.33 7423784.19 5684875.620 7423787.10
5684867.33 7423801.24 5684875.620 7423787.10
5684867.33 7423801.24 5684866.750 7423802.23
5684859.77 7423814.15 5684866.750 7423802.23
5684859.77 7423814.15 5684857.930 7423817.30
5684857.93 7423817.30 5684849.600 7423831.52
5684830.36 7423864.36 5684849.600 7423831.52
5684830.36 7423864.36 5684836.380 7423864.90
5684827.88 7423868.87 5684835.650 7423869.85
5684875.36 7423874.69 5684835.650 7423869.85
5684875.91 7423874.74 5684875.360 7423874.69
5684875.91 7423874.74 5684873.510 7423879.20
5684875.91 7423874.74 5684895.280 7423876.62
5684836.38 7423864.90 5684875.750 7423869.71
5684885.62 7423851.07 5684875.750 7423869.71
5684876.09 7423869.75 5684875.750 7423869.71
5684878.43 7423869.98 5684876.090 7423869.75
5684849.60 7423831.52 5684885.620 7423851.07
5684885.62 7423851.07 5684893.370 7423836.47
5684857.93 7423817.30 5684893.370 7423836.47
5684893.37 7423836.47 5684900.980 7423822.11
5684866.75 7423802.23 5684900.980 7423822.11
5684909.25 7423806.50 5684900.980 7423822.11
5684875.62 7423787.10 5684909.250 7423806.50
5684878.43 7423869.98 5684894.830 7423871.56
5684896.01 7423871.67 5684894.830 7423871.56
5684896.01 7423871.67 5684920.590 7423875.29
5684905.61 7423846.13 5684894.830 7423871.56
5684927.76 7423876.35 5684920.590 7423875.29
5684924.57 7423872.42 5684920.590 7423875.29
5684946.68 7423884.20 5684948.500 7423884.47
5684948.50 7423884.47 5684949.450 7423879.55
5684948.50 7423884.47 5684966.990 7423887.19
5684966.99 7423887.19 5684987.520 7423890.22
5684966.99 7423887.19 5684965.600 7423890.10
5684965.60 7423890.10 5684945.740 7423937.38
5684954.75 7423888.82 5684965.600 7423890.10
5684965.77 7423945.78 5684987.520 7423890.22
5684965.77 7423945.78 5684945.740 7423937.38
5684941.00 7423948.65 5684945.740 7423937.38
5684941.00 7423948.65 5684939.460 7423952.34
5684941.00 7423948.65 5684935.060 7423946.01
5684917.97 7423942.76 5684939.460 7423952.34
5684923.37 7423990.60 5684939.460 7423952.34
5684915.77 7424008.67 5684923.370 7423990.60
5684901.24 7423980.72 5684923.370 7423990.60
5684833.19 7423972.38 5684915.770 7424008.67
5684908.10 7424026.91 5684915.770 7424008.67
5684827.88 7423868.87 5684777.310 7423862.62
5684777.05 7423862.59 5684774.900 7423879.85
5684764.41 7423860.90 5684777.310 7423862.62
5684842.22 7423702.67 5684827.270 7423729.33
5684827.27 7423729.33 5684825.390 7423732.69
5684825.39 7423732.69 5684813.030 7423754.73
5684764.02 7423842.15 5684813.030 7423754.73
5684813.03 7423754.73 5684796.530 7423747.48
5684777.07 7423763.16 5684794.150 7423746.44
5684794.15 7423746.44 5684796.530 7423747.48
5684755.16 7423784.96 5684777.070 7423763.16
5684758.16 7423797.73 5684755.160 7423784.96
5684749.92 7423754.24 5684751.320 7423764.01
5684751.32 7423764.01 5684751.910 7423768.12
5684753.00 7423775.75 5684751.910 7423768.12
5684753.00 7423775.75 5684755.160 7423784.96
5684762.55 7423884.62 5684764.410 7423860.90
5684764.90 7423855.88 5684764.410 7423860.90
5684762.55 7423884.62 5684761.560 7423897.14
5684761.56 7423897.14 5684763.170 7423914.83
5684759.31 7423832.39 5684743.430 7423832.84
5684759.31 7423832.39 5684760.360 7423837.79
5684759.31 7423832.39 5684756.540 7423818.15
5684760.93 7423845.27 5684760.360 7423837.79
5684761.50 7423852.77 5684760.930 7423845.27
5684760.93 7423845.27 5684714.450 7423930.86
5684761.12 7423858.53 5684761.500 7423852.77
5684761.12 7423858.53 5684755.460 7423875.29
5684760.37 7423869.90 5684761.120 7423858.53
5684760.37 7423869.90 5684757.930 7423876.98
5684758.58 7423896.91 5684760.370 7423869.90
5684791.20 7424009.98 5684792.590 7424032.72
5684794.51 7424064.81 5684792.590 7424032.72
5684788.28 7424010.65 5684788.670 7424033.29
5684788.67 7424033.29 5684647.460 7424294.66
5684786.27 7423993.26 5684791.200 7424009.98
5684788.28 7424010.65 5684776.950 7423972.25
5684792.59 7424032.72 5684816.890 7423986.68
5684786.27 7423993.26 5684795.620 7423975.79
5684785.03 7423989.05 5684818.080 7423926.56
5684785.03 7423989.05 5684786.270 7423993.26
5684785.03 7423989.05 5684779.870 7423971.58
5684776.95 7423972.25 5684772.870 7423958.22
5684772.87 7423958.22 5684770.890 7423961.44
5684774.95 7423954.85 5684779.870 7423971.58
5684791.24 7423928.26 5684774.950 7423954.85
5684767.53 7423929.66 5684774.950 7423954.85
5684772.87 7423958.22 5684760.190 7423914.60
5684766.50 7423926.15 5684763.170 7423914.83
5684766.50 7423926.15 5684767.530 7423929.66
5684766.50 7423926.15 5684781.210 7423904.42
5684791.24 7423928.26 5684767.530 7423929.66
5684788.78 7424039.73 5684788.670 7424033.29
5684788.64 7424041.58 5684788.780 7424039.73
5684788.43 7424051.80 5684788.640 7424041.58
5684786.92 7424066.13 5684788.430 7424051.80
5684782.92 7424082.37 5684786.920 7424066.13
5684794.51 7424064.81 5684795.330 7424069.22
5684794.51 7424064.81 5684804.580 7424036.66
5684796.82 7424073.31 5684795.330 7424069.22
5684772.99 7424121.69 5684795.330 7424069.22
5684687.45 7424398.35 5684772.990 7424121.69
5684684.61 7424397.36 5684770.130 7424120.81
5684770.13 7424120.81 5684776.190 7424101.67
5684782.92 7424082.37 5684776.190 7424101.67
5684760.33 7424093.94 5684776.190 7424101.67
5684672.93 7424442.63 5684687.450 7424398.35
5684668.25 7424440.94 5684684.610 7424397.36
5684766.45 7424130.20 5684776.190 7424101.67
5684499.64 7424379.44 5684521.420 7424387.41
5684521.42 7424387.41 5684575.600 7424295.20
5684521.42 7424387.41 5684588.420 7424411.91
5684599.73 7424416.05 5684588.420 7424411.91
5684588.42 7424411.91 5684601.340 7424388.00
5684766.45 7424130.20 5684757.890 7424155.60
5684744.50 7424123.15 5684766.450 7424130.20
5684731.73 7424146.78 5684757.890 7424155.60
5684751.87 7424173.48 5684757.890 7424155.60
5684722.52 7424163.81 5684751.870 7424173.48
5684751.87 7424173.48 5684745.360 7424194.03
5684745.36 7424194.03 5684734.230 7424229.84
5684693.65 7424217.23 5684734.230 7424229.84
5684734.23 7424229.84 5684723.840 7424263.26
5684676.71 7424248.57 5684723.840 7424263.26
5684713.49 7424296.54 5684723.840 7424263.26
5684788.64 7424041.58 5684760.330 7424093.94
5684714.34 7423833.30 5684743.430 7423832.84
5684714.34 7423833.30 5684718.640 7423825.90
5684718.65 7423819.74 5684707.500 7423816.40
5684707.50 7423816.40 5684580.570 7424063.00
5684714.34 7423833.30 5684645.280 7423964.01
5684743.43 7423832.84 5684671.920 7423974.95
5684671.92 7423974.95 5684645.280 7423964.01
5684671.92 7423974.95 5684684.780 7423980.24
5684689.80 7423975.80 5684684.780 7423980.24
5684714.45 7423930.86 5684690.070 7423975.66
5684689.80 7423975.80 5684690.070 7423975.66
5684674.38 7423989.49 5684684.780 7423980.24
5684623.90 7424004.48 5684645.280 7423964.01
5684625.87 7424103.34 5684654.080 7424048.46
5684645.53 7424080.11 5684654.080 7424048.46
5684654.65 7424027.89 5684654.080 7424048.46
5684633.48 7424094.10 5684625.870 7424103.34
5684605.26 7424128.34 5684625.870 7424103.34
5684569.58 7423851.27 5684505.520 7423824.14
5684527.52 7423909.71 5684569.580 7423851.27
5684481.84 7423887.88 5684527.520 7423909.71
5684481.84 7423887.88 5684479.040 7423896.15
5684481.84 7423887.88 5684493.220 7423854.18
5684505.52 7423824.14 5684493.220 7423854.18
5684514.46 7423802.30 5684505.520 7423824.14
5685889.04 7424916.04 5685335.250 7424998.40
5685620.47 7424563.03 5685511.950 7424526.12
5685511.95 7424526.12 5685522.470 7424498.70
5685495.71 7424568.47 5685511.950 7424526.12
5685604.25 7424605.37 5685495.710 7424568.47
5685491.48 7424579.48 5685495.710 7424568.47
5684776.86 7423819.23 5684764.020 7423842.15
5685298.44 7423888.24 5685300.830 7423877.53
5685300.83 7423877.53 5685304.850 7423867.28
5684718.64 7423825.90 5684718.650 7423819.74
5684774.90 7423879.85 5684762.780 7423881.63
5684745.36 7424194.03 5684711.810 7424183.63

