19-249	5686163.63	7423729.79	0.00	19-96	5686178.76	7423747.88	0.00
19-743	5686175.34	7423759.86	0.00	19-96	5686178.76	7423747.88	0.00
19-95	5686186.03	7423756.58	0.00	19-96	5686178.76	7423747.88	0.00
19-95	5686186.03	7423756.58	0.00	19-94	5686196.58	7423769.19	0.00
19-255	5686203.62	7423777.61	0.00	19-94	5686196.58	7423769.19	0.00
19-94	5686196.58	7423769.19	0.00	19-741	5686193.04	7423779.71	0.00
19-95	5686186.03	7423756.58	0.00	19-742	5686179.59	7423779.58	0.00
19-743	5686175.34	7423759.86	0.00	19-730	5686147.57	7423857.08	0.00
19-742	5686179.59	7423779.58	0.00	19-734	5686157.36	7423858.65	0.10
19-741	5686193.04	7423779.71	0.00	19-732	5686165.81	7423860.71	0.00
19-738	5686108.43	7424069.37	0.10	19-733	5686178.07	7423863.15	0.00
19-732	5686165.81	7423860.71	0.00	19-733	5686178.07	7423863.15	0.00
19-739	5686096.32	7424065.75	0.10	19-735	5686161.59	7423859.44	0.10
19-734	5686157.35	7423858.65	0.10	19-735	5686161.59	7423859.44	0.10
19-731	5686153.06	7423858.18	0.00	19-740	5686084.25	7424062.16	0.00
19-730	5686147.57	7423857.08	0.00	19-731	5686153.06	7423858.18	0.00
19-740	5686084.25	7424062.16	0.00	19-739	5686096.33	7424065.75	0.10
19-739	5686096.32	7424065.75	0.10	19-738	5686108.43	7424069.37	0.10
19-444	5686104.52	7424079.63	0.00	19-737	5686096.16	7424104.24	0.00
19-445	5686083.30	7424064.32	0.00	19-736	5686072.68	7424095.69	0.00
19-619	5686059.68	7424090.95	0.00	19-736	5686072.68	7424095.69	0.00
19-2270	5686060.80	7424061.81	0.00	19-619	5686059.68	7424090.95	0.00
19-619	5686059.68	7424090.95	0.00	19-34	5686058.74	7424115.33	0.00
19-737	5686096.16	7424104.24	0.00	19-736	5686072.68	7424095.69	0.00
19-444	5686104.52	7424079.63	0.00	19-738	5686108.43	7424069.37	0.10
19-445	5686083.30	7424064.32	0.00	19-740	5686084.25	7424062.16	0.00
19-708	5685780.04	7424945.02	0.00	19-713	5685781.33	7424951.30	0.00
19-704	5685778.81	7424939.04	0.00	19-708	5685780.04	7424945.02	0.00
19-705	5685815.90	7424933.18	0.00	19-704	5685778.81	7424939.04	0.00
19-710	5685817.09	7424938.72	0.00	19-708	5685780.04	7424945.02	0.00
O-344	5685782.43	7424956.71	0.00	O-343	5685806.84	7424951.91	0.00
O-343	5685806.84	7424951.91	0.00	O-342	5685819.82	7424951.40	0.00
19-1953	5685819.61	7424950.44	0.00	O-342	5685819.82	7424951.40	0.00
19-710	5685817.09	7424938.72	0.00	19-714	5685818.35	7424944.58	0.00
19-710	5685817.09	7424938.72	0.00	19-705	5685815.90	7424933.18	0.00
19-713	5685781.33	7424951.30	0.00	19-714	5685818.35	7424944.58	0.00
19-704	5685778.81	7424939.04	0.00	19-703	5685729.37	7424946.87	0.00
19-703	5685729.37	7424946.87	0.00	19-702	5685684.88	7424953.90	0.00
19-702	5685684.88	7424953.90	0.00	19-693	5685652.28	7424959.06	0.00
19-693	5685652.28	7424959.06	0.00	19-692	5685561.63	7424973.47	0.00
19-694	5685563.36	7424981.92	0.00	19-695	5685653.79	7424966.49	0.00
19-696	5685565.32	7424991.44	0.00	19-697	5685655.46	7424974.69	0.00
O-358	5685656.82	7424981.40	0.00	19-697	5685655.46	7424974.69	0.00
O-358	5685656.82	7424981.40	0.00	O-360	5685642.51	7424984.21	0.00
O-265	5685568.41	7424999.94	0.00	O-360	5685642.51	7424984.21	0.00
O-354	5685689.20	7424975.03	0.00	O-358	5685656.82	7424981.40	0.00
19-711	5685687.89	7424968.67	0.00	19-697	5685655.46	7424974.69	0.00
19-706	5685686.31	7424960.96	0.00	19-695	5685653.79	7424966.49	0.00
19-697	5685655.46	7424974.69	0.00	19-695	5685653.79	7424966.49	0.00
19-695	5685653.79	7424966.49	0.00	19-693	5685652.28	7424959.06	0.00
19-706	5685686.31	7424960.96	0.00	19-702	5685684.88	7424953.90	0.00
19-707	5685730.71	7424953.41	0.00	19-706	5685686.31	7424960.96	0.00
19-711	5685687.89	7424968.67	0.00	19-706	5685686.31	7424960.96	0.00
19-712	5685732.15	7424960.44	0.00	19-711	5685687.89	7424968.67	0.00
O-354	5685689.20	7424975.03	0.00	19-711	5685687.89	7424968.67	0.00
O-349	5685733.37	7424966.35	0.00	O-354	5685689.20	7424975.03	0.00
19-708	5685780.04	7424945.02	0.00	19-707	5685730.71	7424953.41	0.00
19-707	5685730.71	7424953.41	0.00	19-703	5685729.37	7424946.87	0.00
19-712	5685732.15	7424960.44	0.00	19-707	5685730.71	7424953.41	0.00
O-394	5685315.10	7425052.04	0.00	O-7196	5685395.06	7425035.78	0.00
O-394	5685315.10	7425052.04	0.00	O-385	5685320.80	7425036.87	0.00
O-394	5685315.10	7425052.04	0.00	BRAK	5685280.60	7425059.05	-
O-380	5685326.32	7425022.18	0.00	O-385	5685320.80	7425036.87	0.00
19-1946	5685392.55	7425023.56	0.00	O-385	5685320.80	7425036.87	0.00
19-1947	5685390.05	7425011.37	0.00	O-380	5685326.32	7425022.18	0.00
19-1938	5685387.90	7425000.93	0.00	O-371	5685330.92	7425009.91	0.00
O-371	5685330.92	7425009.91	0.00	O-380	5685326.32	7425022.18	0.00
O-371	5685330.92	7425009.91	0.00	O-365	5685335.25	7424998.40	0.00
O-365	5685335.25	7424998.40	0.00	O-362	5685340.05	7424985.61	0.00
19-1907	5685887.75	7424909.67	0.00	O-362	5685340.05	7424985.61	0.00
O-362	5685340.05	7424985.61	0.00	O-331	5685355.36	7424944.85	0.00
19-1003	5685561.47	7424925.66	0.00	O-331	5685355.36	7424944.85	0.00
O-331	5685355.36	7424944.85	0.00	O-322	5685365.80	7424917.05	0.00
O-322	5685365.80	7424917.05	0.00	19-1898	5685562.72	7424906.02	0.00
O-322	5685365.80	7424917.05	0.00	O-311	5685380.92	7424876.79	0.00
19-1899	5685564.60	7424876.32	0.00	O-311	5685380.92	7424876.79	0.00
O-307	5685385.65	7424864.12	0.00	19-1900	5685565.31	7424865.13	0.00
O-307	5685385.65	7424864.12	0.00	O-311	5685380.92	7424876.79	0.00
O-307	5685385.65	7424864.12	0.00	O-301	5685396.20	7424835.21	0.00
19-534	5685566.95	7424839.29	0.00	O-301	5685396.20	7424835.21	0.00
O-301	5685396.20	7424835.21	0.00	O-287	5685419.07	7424772.50	0.00
O-287	5685419.07	7424772.50	0.00	19-1873	5685594.79	7424804.46	0.00
O-275	5685438.72	7424718.61	0.00	O-287	5685419.07	7424772.50	0.00
19-771	5685907.79	7424824.26	0.00	19-770	5685909.33	7424828.97	0.00
19-769	5685901.12	7424823.75	0.00	19-770	5685909.33	7424828.97	0.00
19-771	5685907.79	7424824.26	0.00	19-769	5685901.12	7424823.75	0.00
19-408	5685887.48	7424822.72	0.00	19-769	5685901.12	7424823.75	0.00
19-651	5686004.93	7424397.54	0.00	19-1172	5686007.39	7424386.70	0.00
19-651	5686004.93	7424397.54	0.00	19-1175	5685938.16	7424373.34	0.00
19-651	5686004.93	7424397.54	0.00	19-1107	5685999.58	7424421.14	0.00
19-1107	5685999.58	7424421.14	0.00	19-1109	5685996.95	7424430.07	0.00
19-652	5685991.23	7424449.51	0.00	19-1109	5685996.95	7424430.07	0.00
19-652	5685991.23	7424449.51	0.00	19-653	5685990.70	7424451.31	0.00
19-1110	5685931.63	7424427.89	0.00	19-652	5685991.23	7424449.51	0.00
19-1108	5685938.58	7424408.91	0.00	19-1109	5685996.95	7424430.07	0.00
19-660	5685928.57	7424369.86	0.00	19-1175	5685938.16	7424373.34	0.00
19-1176	5685945.50	7424353.05	0.00	19-1175	5685938.16	7424373.34	0.00
19-660	5685928.57	7424369.86	0.00	19-656	5685871.37	7424349.13	0.00
19-744	5685960.92	7424530.94	0.00	19-1002	5685960.56	7424529.20	0.00
19-745	5685966.50	7424555.57	0.00	19-744	5685960.92	7424530.94	0.00
19-744	5685960.92	7424530.94	0.00	19-752	5685891.86	7424506.50	0.00
19-751	5685884.75	7424526.69	0.00	19-752	5685891.86	7424506.50	0.00
19-747	5685562.37	7424389.77	0.00	19-752	5685891.86	7424506.50	0.00
19-751	5685884.75	7424526.69	0.00	19-753	5685883.23	7424531.03	0.00
19-439	5685967.93	7424565.08	0.00	19-754	5685967.11	7424558.29	0.00
19-753	5685883.23	7424531.03	0.00	19-754	5685967.11	7424558.29	0.00
19-745	5685966.50	7424555.57	0.00	19-754	5685967.11	7424558.29	0.00
19-751	5685884.75	7424526.69	0.00	19-745	5685966.50	7424555.57	0.00
19-748	5685974.26	7424587.72	0.00	19-439	5685967.93	7424565.08	0.00
19-749	5685971.13	7424601.83	0.00	19-748	5685974.26	7424587.72	0.00
19-438	5685970.21	7424601.50	0.00	19-750	5685540.91	7424448.47	0.00
19-751	5685884.75	7424526.69	0.00	19-746	5685554.91	7424410.15	0.00
19-437	5685970.43	7424604.99	0.00	19-749	5685971.13	7424601.83	0.00
19-749	5685971.13	7424601.83	0.00	19-438	5685970.21	7424601.50	0.00
19-949	5685954.27	7424651.61	0.00	19-676	5685954.89	7424650.40	0.00
19-662	5685953.11	7424652.77	0.00	19-949	5685954.27	7424651.61	0.00
19-663	5685944.44	7424661.47	0.00	19-662	5685953.11	7424652.77	0.00
19-662	5685953.11	7424652.77	0.00	19-670	5685860.47	7424619.63	0.00
19-678	5685902.05	7424603.90	0.00	19-679	5685862.93	7424590.15	0.00
19-665	5685855.80	7424617.96	0.00	19-679	5685862.93	7424590.15	0.00
19-665	5685855.80	7424617.96	0.00	19-670	5685860.47	7424619.63	0.00
19-665	5685855.80	7424617.96	0.00	19-3	5685814.57	7424603.21	0.00
19-1077	5685825.74	7424576.52	0.00	19-679	5685862.93	7424590.15	0.00
19-675	5685532.91	7424471.29	0.00	19-1077	5685825.74	7424576.52	0.00
19-2	5685816.26	7424599.69	0.00	19-1077	5685825.74	7424576.52	0.00
19-2	5685816.26	7424599.69	0.00	19-3	5685814.57	7424603.21	0.00
19-674	5685803.02	7424599.08	0.00	19-3	5685814.57	7424603.21	0.00
19-4	5685570.56	7424510.54	0.00	19-2	5685816.26	7424599.69	0.00
19-674	5685803.02	7424599.08	0.00	19-673	5685794.15	7424623.61	0.00
19-674	5685803.02	7424599.08	0.00	19-1184	5685793.12	7424595.54	0.00
19-1283	5685699.04	7424561.88	0.00	19-1184	5685793.12	7424595.54	0.00
19-1182	5685784.22	7424619.84	0.00	19-1184	5685793.12	7424595.54	0.00
19-1182	5685784.22	7424619.84	0.00	19-673	5685794.15	7424623.61	0.00
19-1182	5685784.22	7424619.84	0.00	19-1183	5685784.16	7424619.99	0.00
19-1182	5685784.22	7424619.84	0.00	19-1284	5685691.27	7424583.65	0.00
19-1183	5685784.16	7424619.99	0.00	19-1181	5685743.18	7424605.16	0.00
19-1180	5685742.47	7424607.15	0.00	19-1181	5685743.18	7424605.16	0.00
19-1181	5685743.18	7424605.16	0.00	19-1178	5685738.48	7424603.45	0.00
19-527	5685738.05	7424605.55	0.00	19-1180	5685742.47	7424607.15	0.00
19-527	5685738.05	7424605.55	0.00	19-1178	5685738.48	7424603.45	0.00
19-1285	5685690.72	7424585.20	0.00	19-1178	5685738.48	7424603.45	0.00
19-1822	5685632.76	7424567.36	0.00	19-527	5685738.05	7424605.55	0.00
19-526	5685689.23	7424632.33	0.00	19-527	5685738.05	7424605.55	0.00
19-521	5685840.92	7424642.86	0.00	19-1180	5685742.47	7424607.15	0.00
19-529	5685839.62	7424646.44	0.00	19-521	5685840.92	7424642.86	0.00
19-671	5685850.77	7424646.43	0.00	19-521	5685840.92	7424642.86	0.00
19-529	5685839.62	7424646.44	0.00	19-520	5685825.72	7424684.83	0.00
19-523	5685800.60	7424632.31	0.00	19-522	5685786.77	7424670.51	0.00
19-520	5685825.72	7424684.83	0.00	19-522	5685786.77	7424670.51	0.00
19-524	5685747.90	7424656.23	0.00	19-522	5685786.77	7424670.51	0.00
19-362	5685695.30	7424636.88	0.00	19-524	5685747.90	7424656.23	0.00
19-524	5685747.90	7424656.23	0.00	19-525	5685761.38	7424618.11	0.00
19-518	5685866.34	7424699.77	0.00	19-520	5685825.72	7424684.83	0.00
19-519	5685877.52	7424656.13	0.00	19-671	5685850.77	7424646.43	0.00
19-669	5685855.39	7424633.64	0.00	19-671	5685850.77	7424646.43	0.00
19-669	5685855.39	7424633.64	0.00	19-670	5685860.47	7424619.63	0.00
19-519	5685877.52	7424656.13	0.00	19-518	5685866.34	7424699.77	0.00
19-519	5685877.52	7424656.13	0.00	19-517	5685938.29	7424678.17	0.00
19-514	5685934.32	7424724.76	0.00	19-518	5685866.34	7424699.77	0.00
19-663	5685944.44	7424661.47	0.00	19-668	5685942.97	7424665.24	0.00
19-517	5685938.29	7424678.17	0.00	19-668	5685942.97	7424665.24	0.00
19-516	5685939.50	7424700.70	0.00	19-517	5685938.29	7424678.17	0.00
19-515	5685936.62	7424717.30	0.00	19-516	5685939.50	7424700.70	0.00
19-514	5685934.32	7424724.76	0.00	19-515	5685936.62	7424717.30	0.00
19-2332	5685931.37	7424734.29	0.00	19-514	5685934.32	7424724.76	0.00
19-571	5685923.59	7424757.11	0.00	19-2332	5685931.37	7424734.29	0.00
19-571	5685923.59	7424757.11	0.00	19-436	5685922.61	7424756.75	0.00
19-575	5685830.75	7424723.30	0.00	19-436	5685922.61	7424756.75	0.00
19-435	5685921.59	7424762.96	0.00	19-571	5685923.59	7424757.11	0.00
19-808	5685918.83	7424770.92	0.00	19-435	5685921.59	7424762.96	0.00
19-808	5685918.83	7424770.92	0.00	19-800	5685845.23	7424743.49	0.00
19-807	5685910.92	7424796.93	0.00	19-799	5685840.73	7424781.00	0.00
19-805	5685911.96	7424790.72	0.00	19-808	5685918.83	7424770.92	0.00
19-807	5685910.92	7424796.93	0.00	19-805	5685911.96	7424790.72	0.00
19-807	5685910.92	7424796.93	0.00	19-2331	5685909.31	7424806.71	0.00
19-705	5685815.90	7424933.18	0.00	19-726	5685890.13	7424921.43	0.00
19-710	5685817.09	7424938.72	0.00	19-725	5685891.08	7424926.14	0.00
19-724	5685892.01	7424930.74	0.00	19-714	5685818.35	7424944.58	0.00
19-1953	5685819.61	7424950.44	0.00	19-714	5685818.35	7424944.58	0.00
O-340	5685895.67	7424948.88	0.00	O-342	5685819.82	7424951.40	0.00
19-771	5685907.79	7424824.26	0.00	19-948	5685906.88	7424821.47	0.00
19-1338	5685728.99	7423939.85	0.00	19-1385	5685719.66	7423967.62	0.00
19-1385	5685719.66	7423967.62	0.00	19-28	5685711.98	7423989.74	0.00
19-1384	5685699.30	7424023.35	0.00	19-28	5685711.98	7423989.74	0.00
19-1384	5685699.30	7424023.35	0.00	19-1383	5685698.20	7424025.55	0.00
19-1382	5685694.92	7424034.74	0.00	19-1383	5685698.20	7424025.55	0.00
19-1382	5685694.92	7424034.74	0.00	19-1381	5685689.80	7424048.05	0.00
19-1381	5685689.80	7424048.05	0.00	19-1380	5685684.68	7424061.37	0.00
19-1379	5685683.98	7424063.16	0.00	19-1380	5685684.68	7424061.37	0.00
19-1378	5685677.99	7424078.75	0.00	19-1379	5685683.98	7424063.16	0.00
19-1378	5685677.99	7424078.75	0.00	19-1377	5685670.53	7424097.45	0.00
19-1376	5685666.36	7424109.00	0.00	19-1377	5685670.53	7424097.45	0.00
19-1376	5685666.36	7424109.00	0.00	19-1375	5685656.58	7424133.95	0.00
19-1369	5685655.23	7424137.93	0.00	19-1375	5685656.58	7424133.95	0.00
19-1368	5685644.03	7424167.06	0.00	19-1369	5685655.23	7424137.93	0.00
19-1368	5685644.03	7424167.06	0.00	19-1367	5685642.44	7424170.72	0.00
19-1367	5685642.44	7424170.72	0.00	19-27	5685633.90	7424194.82	0.00
19-1366	5685628.29	7424207.86	0.00	19-27	5685633.90	7424194.82	0.00
19-1365	5685614.91	7424244.52	0.00	19-1366	5685628.29	7424207.86	0.00
19-655	5685611.17	7424255.64	0.00	19-1365	5685614.91	7424244.52	0.00
19-655	5685611.17	7424255.64	0.00	19-1364	5685601.83	7424281.29	0.00
19-1364	5685601.83	7424281.29	0.00	19-654	5685592.97	7424306.87	0.00
19-1363	5685588.46	7424317.97	0.00	19-654	5685592.97	7424306.87	0.00
19-1363	5685588.46	7424317.97	0.00	19-1362	5685575.27	7424354.27	0.00
19-1406	5685539.32	7424300.75	0.00	19-1363	5685588.46	7424317.97	0.00
19-1086	5685569.70	7424370.51	0.00	19-1362	5685575.27	7424354.27	0.00
19-1086	5685569.70	7424370.51	0.00	19-747	5685562.37	7424389.77	0.00
19-747	5685562.37	7424389.77	0.00	19-1361	5685562.16	7424390.35	0.00
19-746	5685554.91	7424410.15	0.00	19-1361	5685562.16	7424390.35	0.00
19-746	5685554.91	7424410.15	0.00	19-1360	5685549.06	7424426.18	0.00
19-750	5685540.91	7424448.47	0.00	19-1360	5685549.06	7424426.18	0.00
19-675	5685532.91	7424471.29	0.00	19-750	5685540.91	7424448.47	0.00
19-1341	5685531.86	7424474.16	0.00	19-675	5685532.91	7424471.29	0.00
19-675	5685532.91	7424471.29	0.00	19-1359	5685490.01	7424441.97	0.00
19-1358	5685478.31	7424433.72	0.00	19-1359	5685490.01	7424441.97	0.00
19-1359	5685490.01	7424441.97	0.00	19-1414	5685490.88	7424430.36	0.00
19-1414	5685490.88	7424430.36	0.00	19-1412	5685499.01	7424409.29	0.00
19-1412	5685499.01	7424409.29	0.00	19-1360	5685549.06	7424426.18	0.00
19-1410	5685512.19	7424372.96	0.00	19-1412	5685499.01	7424409.29	0.00
19-1410	5685512.19	7424372.96	0.00	19-1361	5685562.16	7424390.35	0.00
19-1410	5685512.19	7424372.96	0.00	19-1408	5685525.65	7424336.93	0.00
19-1408	5685525.65	7424336.93	0.00	19-1362	5685575.27	7424354.27	0.00
19-1408	5685525.65	7424336.93	0.00	19-1406	5685539.32	7424300.75	0.00
19-1406	5685539.32	7424300.75	0.00	19-1404	5685552.91	7424264.03	0.00
19-1402	5685566.81	7424227.36	0.00	19-1404	5685552.91	7424264.03	0.00
19-1404	5685552.91	7424264.03	0.00	19-1364	5685601.83	7424281.29	0.00
19-1402	5685566.81	7424227.36	0.00	19-1365	5685614.91	7424244.52	0.00
19-1402	5685566.81	7424227.36	0.00	19-1401	5685581.08	7424189.64	0.00
19-1366	5685628.29	7424207.86	0.00	19-1401	5685581.08	7424189.64	0.00
19-1399	5685594.96	7424152.46	0.00	19-1401	5685581.08	7424189.64	0.00
19-1367	5685642.44	7424170.72	0.00	19-1399	5685594.96	7424152.46	0.00
19-1397	5685608.41	7424115.60	0.00	19-1399	5685594.96	7424152.46	0.00
19-1375	5685656.58	7424133.95	0.00	19-1397	5685608.41	7424115.60	0.00
19-1397	5685608.41	7424115.60	0.00	19-1415	5685622.11	7424078.91	0.00
19-1383	5685698.20	7424025.55	0.00	19-1391	5685649.36	7424006.73	0.00
19-1380	5685684.68	7424061.37	0.00	19-1393	5685635.89	7424042.80	0.00
19-1415	5685622.11	7424078.91	0.00	19-1377	5685670.53	7424097.45	0.00
19-1415	5685622.11	7424078.91	0.00	19-1393	5685635.89	7424042.80	0.00
19-1393	5685635.89	7424042.80	0.00	19-1391	5685649.36	7424006.73	0.00
19-1391	5685649.36	7424006.73	0.00	19-1389	5685662.81	7423970.69	0.00
19-1386	5685672.63	7423934.80	0.00	19-1389	5685662.81	7423970.69	0.00
19-1386	5685672.63	7423934.80	0.00	19-1418	5685681.41	7423923.03	0.00
19-1418	5685681.41	7423923.03	0.00	19-1417	5685668.10	7423919.62	0.00
19-1418	5685681.41	7423923.03	0.00	19-1419	5685699.47	7423927.35	0.00
19-1338	5685728.99	7423939.85	0.00	19-1419	5685699.47	7423927.35	0.00
19-1338	5685728.99	7423939.85	0.00	19-1445	5685725.87	7423934.09	0.00
19-1445	5685725.87	7423934.09	0.00	19-460	5685673.28	7423918.02	0.00
19-28	5685711.98	7423989.74	0.00	19-1389	5685662.81	7423970.69	0.00
19-1740	5685755.44	7423980.13	0.00	19-1385	5685719.66	7423967.62	0.00
19-1675	5685912.38	7424100.26	0.00	19-1384	5685699.30	7424023.35	0.00
19-1382	5685694.92	7424034.74	0.00	19-1673	5685929.87	7424119.64	0.00
19-1381	5685689.80	7424048.05	0.00	19-1670	5685953.91	7424143.81	0.00
19-1379	5685683.98	7424063.16	0.00	19-1668	5685983.10	7424171.50	0.00
19-1378	5685677.99	7424078.75	0.00	19-1666	5686011.48	7424199.68	0.00
19-1663	5686050.62	7424244.90	0.00	19-1376	5685666.36	7424109.00	0.00
19-2340	5686053.76	7424277.49	0.00	19-1369	5685655.23	7424137.93	0.00
19-2338	5686041.80	7424307.17	0.00	19-1368	5685644.03	7424167.06	0.00
19-1174	5686027.60	7424336.78	0.00	19-27	5685633.90	7424194.82	0.00
19-1740	5685755.44	7423980.13	0.00	19-2460	5685779.81	7423989.01	0.00
19-2460	5685779.81	7423989.01	0.00	19-2459	5685782.30	7423982.21	0.00
19-2459	5685782.30	7423982.21	0.00	19-1921	5685774.32	7423975.35	0.00
19-1682	5685760.86	7423964.61	0.00	19-1921	5685774.32	7423975.35	0.00
19-1740	5685755.44	7423980.13	0.00	19-1682	5685760.86	7423964.61	0.00
19-1338	5685728.99	7423939.85	0.00	19-1682	5685760.86	7423964.61	0.00
19-1387	5685667.00	7423932.80	0.00	19-1417	5685668.10	7423919.62	0.00
19-1417	5685668.10	7423919.62	0.00	19-1416	5685664.20	7423918.37	0.00
19-1908	5685626.38	7423910.49	0.00	19-1416	5685664.20	7423918.37	0.00
19-460	5685673.28	7423918.02	0.00	19-1446	5685654.16	7423912.18	0.00
19-1446	5685654.16	7423912.18	0.00	19-1447	5685642.10	7423910.58	0.00
19-1447	5685642.10	7423910.58	0.00	19-1448	5685634.71	7423909.32	0.00
19-1448	5685634.71	7423909.32	0.00	19-1910	5685627.45	7423908.89	0.00
19-1910	5685627.45	7423908.89	0.00	19-1908	5685626.38	7423910.49	0.00
19-1908	5685626.38	7423910.49	0.00	19-1340	5685622.88	7423915.72	0.00
19-1130	5685611.38	7423940.23	0.00	19-1340	5685622.88	7423915.72	0.00
19-1130	5685611.38	7423940.23	0.00	19-1346	5685607.87	7423949.66	0.00
19-1388	5685657.21	7423968.55	0.00	19-1346	5685607.87	7423949.66	0.00
19-1123	5685605.09	7423957.10	0.00	19-1346	5685607.87	7423949.66	0.00
19-1150	5685618.71	7423913.41	0.00	19-1340	5685622.88	7423915.72	0.00
19-1150	5685618.71	7423913.41	0.00	19-1148	5685605.68	7423906.40	0.00
19-1147	5685593.63	7423898.80	0.00	19-1148	5685605.68	7423906.40	0.00
19-1146	5685565.94	7423879.78	0.00	19-1147	5685593.63	7423898.80	0.00
19-1146	5685565.94	7423879.78	0.00	19-1127	5685555.78	7423914.56	0.00
19-1149	5685559.99	7423876.47	0.00	19-1146	5685565.94	7423879.78	0.00
19-904	5685561.12	7423875.11	0.00	19-1149	5685559.99	7423876.47	0.00
19-1149	5685559.99	7423876.47	0.00	19-1131	5685546.45	7423912.61	0.00
19-1149	5685559.99	7423876.47	0.00	19-1163	5685549.12	7423870.44	0.00
19-1162	5685537.56	7423911.11	0.00	19-1163	5685549.12	7423870.44	0.00
19-466	5685549.66	7423868.48	0.00	19-1163	5685549.12	7423870.44	0.00
19-546	5685543.37	7423867.41	0.00	19-1163	5685549.12	7423870.44	0.00
19-553	5685515.21	7423859.29	0.00	19-546	5685543.37	7423867.41	0.00
19-547	5685526.88	7423905.42	0.00	19-930	5685534.40	7423922.82	0.00
19-930	5685534.40	7423922.82	0.00	19-1162	5685537.56	7423911.11	0.00
19-1131	5685546.45	7423912.61	0.00	19-1162	5685537.56	7423911.11	0.00
19-1131	5685546.45	7423912.61	0.00	19-922	5685538.92	7423933.13	0.00
19-1131	5685546.45	7423912.61	0.00	19-1127	5685555.78	7423914.56	0.00
19-1127	5685555.78	7423914.56	0.00	19-1129	5685582.11	7423924.30	0.00
19-1126	5685549.41	7423936.77	0.00	19-1127	5685555.78	7423914.56	0.00
19-1128	5685594.45	7423930.80	0.00	19-1129	5685582.11	7423924.30	0.00
19-1129	5685582.11	7423924.30	0.00	19-1147	5685593.63	7423898.80	0.00
19-1128	5685594.45	7423930.80	0.00	19-1148	5685605.68	7423906.40	0.00
19-1128	5685594.45	7423930.80	0.00	19-1130	5685611.38	7423940.23	0.00
19-1124	5685585.56	7423950.18	0.00	19-1123	5685605.09	7423957.10	0.00
19-1128	5685594.45	7423930.80	0.00	19-1124	5685585.56	7423950.18	0.00
19-1125	5685572.35	7423945.41	0.00	19-1129	5685582.11	7423924.30	0.00
19-551	5685547.98	7423942.74	0.00	19-543	5685603.00	7423962.74	0.00
19-543	5685603.00	7423962.74	0.00	19-1123	5685605.09	7423957.10	0.00
19-543	5685603.00	7423962.74	0.00	19-1422	5685593.50	7423988.27	0.00
19-1422	5685593.50	7423988.27	0.00	19-1390	5685642.61	7424007.24	0.10
19-556	5685591.61	7423993.36	0.00	19-1422	5685593.50	7423988.27	0.00
19-556	5685591.61	7423993.36	0.00	19-661	5685580.53	7424023.16	0.00
19-555	5685531.10	7423970.69	0.00	19-556	5685591.61	7423993.36	0.00
19-661	5685580.53	7424023.16	0.00	19-1423	5685578.99	7424026.84	0.00
19-841	5685519.94	7424000.47	0.00	19-661	5685580.53	7424023.16	0.00
19-1423	5685578.99	7424026.84	0.00	19-1392	5685628.35	7424045.60	0.10
19-1388	5685657.21	7423968.55	0.00	19-1390	5685642.61	7424007.24	0.10
19-1392	5685628.35	7424045.60	0.10	19-1390	5685642.61	7424007.24	0.10
19-1392	5685628.35	7424045.60	0.10	19-1394	5685613.85	7424084.19	0.00
19-1424	5685564.72	7424065.39	0.20	19-1394	5685613.85	7424084.19	0.00
19-1394	5685613.85	7424084.19	0.00	19-1396	5685599.38	7424122.58	0.00
19-1425	5685550.52	7424103.86	0.00	19-1396	5685599.38	7424122.58	0.00
19-1396	5685599.38	7424122.58	0.00	19-1398	5685585.06	7424161.06	0.00
19-1426	5685536.20	7424142.39	0.10	19-1398	5685585.06	7424161.06	0.00
19-1400	5685570.26	7424200.77	0.00	19-1398	5685585.06	7424161.06	0.00
19-1352	5685520.75	7424183.17	0.00	19-1400	5685570.26	7424200.77	0.00
19-1403	5685556.01	7424239.63	0.40	19-1400	5685570.26	7424200.77	0.00
19-1427	5685506.09	7424221.85	0.00	19-1403	5685556.01	7424239.63	0.40
19-1403	5685556.01	7424239.63	0.40	19-1405	5685541.46	7424278.62	0.40
19-1354	5685491.66	7424261.03	0.00	19-1405	5685541.46	7424278.62	0.40
19-1405	5685541.46	7424278.62	0.40	19-1407	5685526.90	7424317.61	0.30
19-1355	5685477.04	7424299.99	0.00	19-1407	5685526.90	7424317.61	0.30
19-1409	5685512.16	7424356.49	0.00	19-1407	5685526.90	7424317.61	0.30
19-1409	5685512.16	7424356.49	0.00	19-1356	5685462.55	7424339.01	0.00
19-1411	5685498.36	7424392.96	0.00	19-1409	5685512.16	7424356.49	0.00
19-1411	5685498.36	7424392.96	0.00	19-1357	5685448.98	7424375.50	0.00
19-1413	5685485.21	7424428.33	0.00	19-1411	5685498.36	7424392.96	0.00
19-1358	5685478.31	7424433.72	0.00	19-1413	5685485.21	7424428.33	0.00
19-1345	5685438.68	7424405.12	0.00	19-1358	5685478.31	7424433.72	0.00
19-1850	5685444.47	7424416.51	0.00	19-1719	5685437.50	7424408.23	0.00
19-1719	5685437.50	7424408.23	0.00	19-1817	5685435.35	7424413.99	0.00
19-1719	5685437.50	7424408.23	0.00	19-1720	5685433.83	7424403.88	0.00
19-1817	5685435.35	7424413.99	0.00	19-1818	5685412.17	7424384.21	0.00
O-256	5685335.47	7424681.84	0.00	19-1817	5685435.35	7424413.99	0.00
19-1345	5685438.68	7424405.12	0.00	19-1432	5685438.83	7424402.91	0.00
19-1345	5685438.68	7424405.12	0.00	19-532	5685435.58	7424401.45	0.00
19-1431	5685397.68	7424353.02	0.00	19-1432	5685438.83	7424402.91	0.00
19-1432	5685438.83	7424402.91	0.00	19-1357	5685448.98	7424375.50	0.00
19-1428	5685461.40	7424341.87	0.00	19-1357	5685448.98	7424375.50	0.00
19-1429	5685400.57	7424319.11	0.00	19-1428	5685461.40	7424341.87	0.00
19-1428	5685461.40	7424341.87	0.00	19-1356	5685462.55	7424339.01	0.00
19-1421	5685472.65	7424311.94	0.00	19-1356	5685462.55	7424339.01	0.00
19-1395	5685411.80	7424289.14	0.00	19-1421	5685472.65	7424311.94	0.00
19-1421	5685472.65	7424311.94	0.00	19-1355	5685477.04	7424299.99	0.00
19-1351	5685483.79	7424281.96	0.00	19-1355	5685477.04	7424299.99	0.00
19-1353	5685423.03	7424259.17	0.00	19-1351	5685483.79	7424281.96	0.00
19-1351	5685483.79	7424281.96	0.00	19-1354	5685491.66	7424261.03	0.00
19-1350	5685494.95	7424252.00	0.00	19-1354	5685491.66	7424261.03	0.00
19-1349	5685434.25	7424229.21	0.00	19-1350	5685494.95	7424252.00	0.00
19-1350	5685494.95	7424252.00	0.00	19-1427	5685506.09	7424221.85	0.00
19-1427	5685506.09	7424221.85	0.00	19-1352	5685520.75	7424183.17	0.00
19-1331	5685445.48	7424199.24	0.00	19-1427	5685506.09	7424221.85	0.00
19-1433	5685521.02	7424182.16	0.00	19-1352	5685520.75	7424183.17	0.00
19-1330	5685460.42	7424159.37	0.00	19-1433	5685521.02	7424182.16	0.00
19-1433	5685521.02	7424182.16	0.00	19-1426	5685536.20	7424142.39	0.10
19-1235	5685475.32	7424119.58	0.00	19-1426	5685536.20	7424142.39	0.10
19-1098	5685547.28	7424112.58	0.00	19-1426	5685536.20	7424142.39	0.10
19-1098	5685547.28	7424112.58	0.00	19-1425	5685550.52	7424103.86	0.00
19-1079	5685486.48	7424089.80	0.00	19-1098	5685547.28	7424112.58	0.00
19-1076	5685558.36	7424082.78	0.00	19-1425	5685550.52	7424103.86	0.00
19-1078	5685497.63	7424060.03	0.00	19-1076	5685558.36	7424082.78	0.00
19-931	5685569.45	7424052.97	0.00	19-1424	5685564.72	7424065.39	0.20
19-1076	5685558.36	7424082.78	0.00	19-1424	5685564.72	7424065.39	0.20
19-915	5685508.79	7424030.25	0.00	19-931	5685569.45	7424052.97	0.00
19-931	5685569.45	7424052.97	0.00	19-1423	5685578.99	7424026.84	0.00
19-555	5685531.10	7423970.69	0.00	19-841	5685519.94	7424000.47	0.00
19-841	5685519.94	7424000.47	0.00	19-915	5685508.79	7424030.25	0.00
19-915	5685508.79	7424030.25	0.00	19-1078	5685497.63	7424060.03	0.00
19-1078	5685497.63	7424060.03	0.00	19-1079	5685486.48	7424089.80	0.00
19-1079	5685486.48	7424089.80	0.00	19-1235	5685475.32	7424119.58	0.00
19-1235	5685475.32	7424119.58	0.00	19-1330	5685460.42	7424159.37	0.00
19-1330	5685460.42	7424159.37	0.00	19-1331	5685445.48	7424199.24	0.00
19-1331	5685445.48	7424199.24	0.00	19-1349	5685434.25	7424229.21	0.00
19-1349	5685434.25	7424229.21	0.00	19-1353	5685423.03	7424259.17	0.00
19-1353	5685423.03	7424259.17	0.00	19-1395	5685411.80	7424289.14	0.00
19-1395	5685411.80	7424289.14	0.00	19-1429	5685400.57	7424319.11	0.00
19-1429	5685400.57	7424319.11	0.00	19-1430	5685391.92	7424342.22	0.00
19-1431	5685397.68	7424353.02	0.00	19-1430	5685391.92	7424342.22	0.00
19-1141	5685393.62	7424352.25	0.00	19-1430	5685391.92	7424342.22	0.00
19-1430	5685391.92	7424342.22	0.00	19-1140	5685391.58	7424340.24	0.00
19-1140	5685391.58	7424340.24	0.00	19-938	5685472.59	7424123.99	0.00
19-535	5685397.68	7424356.45	0.00	19-1141	5685393.62	7424352.25	0.00
19-533	5685418.35	7424379.44	0.00	19-535	5685397.68	7424356.45	0.00
19-532	5685435.58	7424401.45	0.00	19-533	5685418.35	7424379.44	0.00
19-1719	5685437.50	7424408.23	0.00	19-1345	5685438.68	7424405.12	0.00
19-1345	5685438.68	7424405.12	0.00	19-1344	5685446.22	7424414.08	0.00
19-1720	5685433.83	7424403.88	0.00	19-1721	5685416.05	7424381.37	0.00
19-1721	5685416.05	7424381.37	0.00	19-1722	5685395.27	7424358.23	0.00
19-1722	5685395.27	7424358.23	0.00	19-1723	5685388.91	7424351.66	0.00
19-1723	5685388.91	7424351.66	0.00	19-1813	5685387.07	7424356.77	0.00
19-1813	5685387.07	7424356.77	0.00	19-1818	5685412.17	7424384.21	0.00
O-248	5685276.97	7424661.51	0.00	19-1813	5685387.07	7424356.77	0.00
19-1813	5685387.07	7424356.77	0.00	19-1806	5685351.49	7424309.47	0.00
19-1725	5685353.66	7424303.84	0.00	19-1806	5685351.49	7424309.47	0.00
O-245	5685229.49	7424645.54	0.00	19-1806	5685351.49	7424309.47	0.00
19-1806	5685351.49	7424309.47	0.00	19-1807	5685326.08	7424274.77	0.00
19-1723	5685388.91	7424351.66	0.00	19-1724	5685381.24	7424343.75	0.00
19-1724	5685381.24	7424343.75	0.00	19-1725	5685353.66	7424303.84	0.00
19-932	5685383.65	7424341.97	0.00	19-921	5685354.92	7424300.38	0.00
19-920	5685385.06	7424343.42	0.00	19-1141	5685393.62	7424352.25	0.00
19-932	5685383.65	7424341.97	0.00	19-920	5685385.06	7424343.42	0.00
19-981	5685362.67	7424278.11	0.00	19-977	5685403.73	7424293.22	0.00
19-981	5685362.67	7424278.11	0.00	19-982	5685361.77	7424277.78	0.00
19-980	5685357.18	7424293.22	0.00	19-979	5685359.07	7424297.68	0.00
19-980	5685357.18	7424293.22	0.00	19-921	5685354.92	7424300.38	0.00
19-980	5685357.18	7424293.22	0.00	19-983	5685356.32	7424291.17	0.00
19-921	5685354.92	7424300.38	0.00	19-987	5685333.49	7424269.37	0.00
19-1725	5685353.66	7424303.84	0.00	19-1726	5685331.08	7424271.15	0.00
19-1726	5685331.08	7424271.15	0.00	19-1727	5685319.26	7424259.74	0.00
19-1727	5685319.26	7424259.74	0.00	19-1803	5685316.97	7424265.89	0.00
19-1807	5685326.08	7424274.77	0.00	19-1803	5685316.97	7424265.89	0.00
O-237	5685181.53	7424629.41	0.00	19-1803	5685316.97	7424265.89	0.00
19-1793	5685293.45	7424244.18	0.00	19-1803	5685316.97	7424265.89	0.00
19-468	5685513.86	7423862.08	0.00	19-47	5685494.80	7423862.96	0.00
19-469	5685494.16	7423860.03	0.00	19-84	5685514.75	7423859.21	0.00
19-553	5685515.21	7423859.29	0.00	19-84	5685514.75	7423859.21	0.00
19-469	5685494.16	7423860.03	0.00	19-1585	5685488.56	7423861.53	0.00
19-47	5685494.80	7423862.96	0.00	19-776	5685487.72	7423865.16	0.00
19-470	5685474.01	7423868.52	0.00	19-776	5685487.72	7423865.16	0.00
19-776	5685487.72	7423865.16	0.00	19-774	5685476.30	7423899.97	0.00
19-470	5685474.01	7423868.52	0.00	19-785	5685461.99	7423871.81	0.00
19-785	5685461.99	7423871.81	0.00	19-1137	5685454.37	7423892.00	0.00
19-1137	5685454.37	7423892.00	0.00	19-1135	5685444.11	7423919.85	0.00
19-1137	5685454.37	7423892.00	0.00	19-774	5685476.30	7423899.97	0.00
19-1136	5685466.00	7423927.92	0.00	19-1135	5685444.11	7423919.85	0.00
19-1135	5685444.11	7423919.85	0.00	19-1132	5685435.46	7423943.32	0.00
19-1133	5685477.84	7423958.92	0.00	19-1132	5685435.46	7423943.32	0.00
19-1132	5685435.46	7423943.32	0.00	19-775	5685425.56	7423970.20	0.00
19-785	5685461.99	7423871.81	0.00	19-844	5685436.83	7423878.69	0.00
19-842	5685476.26	7423965.97	0.00	19-772	5685479.35	7423957.46	0.00
19-1133	5685477.84	7423958.92	0.00	19-772	5685479.35	7423957.46	0.00
19-1134	5685487.24	7423935.74	0.00	19-772	5685479.35	7423957.46	0.00
19-1136	5685466.00	7423927.92	0.00	19-1134	5685487.24	7423935.74	0.00
19-1134	5685487.24	7423935.74	0.00	19-1706	5685490.63	7423926.39	0.00
19-709	5685497.45	7423907.63	0.00	19-1706	5685490.63	7423926.39	0.00
19-925	5685494.57	7423928.82	0.00	19-1706	5685490.63	7423926.39	0.00
19-922	5685538.92	7423933.13	0.00	19-924	5685531.80	7423951.74	0.00
19-1126	5685549.41	7423936.77	0.00	19-922	5685538.92	7423933.13	0.00
19-922	5685538.92	7423933.13	0.00	19-930	5685534.40	7423922.82	0.00
19-927	5685511.80	7424005.12	0.00	19-926	5685520.91	7423980.79	0.00
19-918	5685483.88	7423958.63	0.00	19-842	5685476.26	7423965.97	0.00
19-894	5685468.08	7423988.48	0.00	19-842	5685476.26	7423965.97	0.00
19-899	5685457.90	7423982.03	0.00	19-842	5685476.26	7423965.97	0.00
19-773	5685457.01	7423979.19	0.00	19-775	5685425.56	7423970.20	0.00
19-871	5685422.79	7423977.19	0.00	19-775	5685425.56	7423970.20	0.00
19-871	5685422.79	7423977.19	0.00	19-903	5685409.74	7424012.31	0.10
19-871	5685422.79	7423977.19	0.00	19-870	5685426.60	7423975.43	0.00
19-886	5685428.52	7424019.70	0.00	19-903	5685409.74	7424012.31	0.10
19-903	5685409.73	7424012.31	0.10	19-902	5685396.59	7424047.94	0.10
19-877	5685384.47	7424080.86	0.00	19-902	5685396.59	7424047.94	0.10
19-885	5685415.58	7424054.61	0.00	19-902	5685396.59	7424047.94	0.10
19-877	5685384.47	7424080.86	0.00	19-876	5685380.68	7424091.14	0.00
19-874	5685386.24	7424084.69	0.00	19-877	5685384.47	7424080.86	0.00
19-876	5685380.68	7424091.14	0.00	19-875	5685384.50	7424089.38	0.00
19-856	5685370.62	7424118.34	0.00	19-876	5685380.68	7424091.14	0.00
19-860	5685362.47	7424125.94	0.00	19-872	5685367.15	7424127.72	0.00
19-872	5685367.15	7424127.72	0.00	19-856	5685370.62	7424118.34	0.00
19-956	5685414.53	7424135.05	0.00	19-856	5685370.62	7424118.34	0.00
19-988	5685320.72	7424253.81	0.00	19-872	5685367.15	7424127.72	0.00
19-873	5685427.06	7424100.78	0.00	19-880	5685424.77	7424107.00	0.00
19-1348	5685438.71	7424105.35	0.00	19-873	5685427.06	7424100.78	0.00
19-873	5685427.06	7424100.78	0.00	19-889	5685433.87	7424081.97	0.00
19-889	5685433.87	7424081.97	0.00	19-890	5685440.68	7424063.19	0.10
19-900	5685442.13	7424058.98	0.10	19-890	5685440.68	7424063.19	0.10
19-887	5685420.53	7424049.86	0.10	19-900	5685442.13	7424058.98	0.10
19-900	5685442.13	7424058.98	0.10	19-891	5685447.50	7424044.34	0.00
19-891	5685447.50	7424044.34	0.00	19-901	5685453.59	7424027.55	0.10
19-888	5685432.02	7424018.91	0.00	19-901	5685453.59	7424027.55	0.10
19-901	5685453.59	7424027.55	0.10	19-892	5685454.31	7424025.50	0.10
19-892	5685454.31	7424025.50	0.10	19-893	5685461.13	7424006.74	0.00
19-896	5685467.06	7423991.30	0.00	19-893	5685461.13	7424006.74	0.00
19-894	5685468.08	7423988.48	0.00	19-896	5685467.06	7423991.30	0.00
19-897	5685445.93	7423983.70	0.00	19-896	5685467.06	7423991.30	0.00
19-898	5685458.46	7423985.02	0.00	19-894	5685468.08	7423988.48	0.00
19-894	5685468.08	7423988.48	0.00	19-927	5685511.80	7424005.12	0.00
19-927	5685511.80	7424005.12	0.00	19-939	5685506.53	7424019.17	0.00
19-953	5685511.19	7424020.99	0.00	19-939	5685506.53	7424019.17	0.00
19-953	5685511.19	7424020.99	0.00	19-938	5685472.59	7424123.99	0.00
19-937	5685504.78	7424023.85	0.00	19-893	5685461.13	7424006.74	0.00
19-937	5685504.78	7424023.85	0.00	19-939	5685506.53	7424019.17	0.00
19-936	5685497.76	7424042.58	0.00	19-892	5685454.31	7424025.50	0.10
19-935	5685490.75	7424061.31	0.00	19-891	5685447.50	7424044.34	0.00
19-934	5685483.73	7424080.04	0.00	19-890	5685440.68	7424063.19	0.10
19-1347	5685446.01	7424086.73	0.10	19-889	5685433.87	7424081.97	0.00
19-940	5685467.86	7424122.31	0.00	19-938	5685472.59	7424123.99	0.00
19-1139	5685417.37	7424127.54	0.00	19-880	5685424.77	7424107.00	0.00
19-1139	5685417.37	7424127.54	0.00	19-958	5685421.88	7424129.33	0.00
19-1139	5685417.37	7424127.54	0.00	19-956	5685414.53	7424135.05	0.00
19-989	5685353.30	7424285.33	0.00	19-956	5685414.53	7424135.05	0.00
19-971	5685369.67	7424259.18	0.00	19-970	5685371.37	7424254.51	0.00
19-971	5685369.67	7424259.18	0.00	19-972	5685369.49	7424259.11	0.00
19-971	5685369.67	7424259.18	0.00	19-976	5685410.77	7424274.49	0.00
19-971	5685369.67	7424259.18	0.00	19-981	5685362.67	7424278.11	0.00
19-980	5685357.18	7424293.22	0.00	19-981	5685362.67	7424278.11	0.00
19-986	5685319.97	7424256.28	0.00	19-987	5685333.49	7424269.37	0.00
19-986	5685319.97	7424256.28	0.00	19-988	5685320.72	7424253.81	0.00
19-988	5685320.72	7424253.81	0.00	19-985	5685335.17	7424267.89	0.00
19-593	5685319.09	7424255.42	0.00	19-986	5685319.97	7424256.28	0.00
19-593	5685319.09	7424255.42	0.00	19-840	5685295.98	7424237.13	0.00
19-1728	5685317.17	7424257.72	0.00	19-1727	5685319.26	7424259.74	0.00
19-1729	5685294.91	7424240.10	0.00	19-1728	5685317.17	7424257.72	0.00
19-1729	5685294.91	7424240.10	0.00	19-1793	5685293.45	7424244.18	0.00
O-233	5685158.81	7424621.43	0.00	19-1793	5685293.45	7424244.18	0.00
19-1793	5685293.45	7424244.18	0.00	19-1787	5685274.46	7424226.63	0.00
19-1730	5685275.23	7424224.53	0.00	19-1729	5685294.91	7424240.10	0.00
19-60	5685346.47	7424010.93	0.00	19-1688	5685270.17	7424216.15	0.00
19-1687	5685272.04	7424218.18	0.00	19-1688	5685270.17	7424216.15	0.00
19-1189	5685276.31	7424221.56	0.00	19-1687	5685272.04	7424218.18	0.00
19-840	5685295.98	7424237.13	0.00	19-1189	5685276.31	7424221.56	0.00
19-1187	5685313.03	7424122.89	0.00	19-1189	5685276.31	7424221.56	0.00
19-840	5685295.98	7424237.13	0.00	19-855	5685334.65	7424133.54	0.00
19-1730	5685275.23	7424224.53	0.00	19-1787	5685274.46	7424226.63	0.00
O-225	5685134.21	7424612.15	0.00	19-1787	5685274.46	7424226.63	0.00
19-1103	5685268.27	7424220.33	0.00	19-1787	5685274.46	7424226.63	0.00
19-1103	5685268.27	7424220.33	0.00	O-222	5685126.54	7424609.25	0.00
19-1103	5685268.27	7424220.33	0.00	19-1104	5685269.02	7424219.29	0.00
19-1101	5685263.09	7424215.21	0.00	19-1103	5685268.27	7424220.33	0.00
19-68	5685254.79	7424203.81	0.00	19-1104	5685269.02	7424219.29	0.00
19-1691	5685256.71	7424201.51	0.00	19-1688	5685270.17	7424216.15	0.00
19-1	5685550.48	7423868.96	0.00	19-466	5685549.66	7423868.48	0.00
19-904	5685561.12	7423875.11	0.00	19-1	5685550.48	7423868.96	0.00
19-813	5685562.14	7423872.33	0.00	19-904	5685561.12	7423875.11	0.00
19-813	5685562.14	7423872.33	0.00	19-906	5685563.34	7423868.69	0.00
19-813	5685562.14	7423872.33	0.00	19-836	5685566.39	7423874.79	0.00
19-553	5685515.21	7423859.29	0.00	19-1000	5685517.08	7423856.14	0.00
19-242	5685759.06	7423517.24	0.00	19-2179	5685755.78	7423526.08	0.00
19-1151	5685663.67	7423774.56	0.00	19-2179	5685755.78	7423526.08	0.00
19-243	5685766.13	7423518.86	0.00	19-2180	5685763.26	7423526.60	0.00
19-2180	5685763.26	7423526.60	0.00	19-1152	5685669.79	7423778.44	0.00
19-943	5685804.54	7423529.45	0.00	19-100	5685806.19	7423524.94	0.00
19-100	5685806.19	7423524.94	0.00	19-99	5685841.53	7423535.45	0.00
19-100	5685806.19	7423524.94	0.00	19-245	5685804.87	7423524.66	0.00
19-98	5685894.98	7423570.28	0.00	19-99	5685841.53	7423535.45	0.00
19-120	5685908.10	7423580.15	0.00	19-97	5685895.68	7423570.80	0.00
19-97	5685895.68	7423570.80	0.00	19-98	5685894.98	7423570.28	0.00
19-97	5685895.68	7423570.80	0.00	19-446	5685891.39	7423582.97	0.00
19-446	5685891.39	7423582.97	0.00	19-1317	5685851.49	7423695.99	0.00
19-1317	5685851.49	7423695.99	0.00	19-1316	5685845.37	7423693.79	0.00
19-928	5685840.22	7423727.90	0.00	19-1317	5685851.49	7423695.99	0.00
19-1314	5685832.67	7423730.62	0.10	19-1316	5685845.37	7423693.79	0.00
19-1316	5685845.37	7423693.79	0.00	19-1291	5685824.07	7423701.44	0.10
19-1291	5685824.07	7423701.44	0.10	19-1292	5685799.25	7423698.88	0.10
19-1315	5685792.45	7423716.76	0.00	19-1292	5685799.25	7423698.88	0.10
19-1315	5685792.45	7423716.76	0.00	19-1314	5685832.67	7423730.62	0.10
19-1315	5685792.45	7423716.76	0.00	19-1312	5685781.84	7423744.76	0.10
19-1312	5685781.84	7423744.76	0.10	19-1313	5685822.90	7423759.02	0.10
19-1312	5685781.84	7423744.76	0.10	19-1293	5685775.65	7423761.34	0.30
19-1293	5685775.65	7423761.34	0.30	19-1294	5685769.68	7423769.06	0.40
19-1311	5685765.52	7423771.84	0.60	19-1294	5685769.68	7423769.06	0.40
19-1311	5685765.52	7423771.84	0.60	19-1309	5685810.29	7423786.42	0.10
19-1311	5685765.52	7423771.84	0.60	19-1295	5685757.70	7423777.05	0.30
19-1300	5685752.70	7423776.99	0.20	19-1295	5685757.70	7423777.05	0.30
19-1298	5685728.49	7423840.20	0.20	19-1300	5685752.70	7423776.99	0.20
19-1300	5685752.70	7423776.99	0.20	19-1296	5685725.60	7423776.69	0.30
19-1297	5685708.26	7423792.05	0.60	19-1296	5685725.60	7423776.69	0.30
19-943	5685804.54	7423529.45	0.00	19-1297	5685708.26	7423792.05	0.60
19-1297	5685708.26	7423792.05	0.60	19-1219	5685694.70	7423829.08	0.10
19-1298	5685728.49	7423840.20	0.20	19-1219	5685694.70	7423829.08	0.10
19-1220	5685693.20	7423833.14	0.00	19-1219	5685694.70	7423829.08	0.10
19-1220	5685693.20	7423833.14	0.00	19-2184	5685680.31	7423828.83	0.00
19-1220	5685693.20	7423833.14	0.00	19-1243	5685694.62	7423833.63	0.00
19-1243	5685694.62	7423833.63	0.00	19-1228	5685683.60	7423864.14	0.00
19-1222	5685702.82	7423836.36	0.00	19-1243	5685694.62	7423833.63	0.00
19-1222	5685702.82	7423836.36	0.00	19-1223	5685698.25	7423838.47	0.00
19-1245	5685728.88	7423845.81	0.10	19-1222	5685702.82	7423836.36	0.00
19-1299	5685733.23	7423841.79	0.30	19-1298	5685728.49	7423840.20	0.20
19-1242	5685764.28	7423852.40	0.00	19-1299	5685733.23	7423841.79	0.30
19-1302	5685745.75	7423809.11	0.20	19-1299	5685733.23	7423841.79	0.30
19-1302	5685745.75	7423809.11	0.20	19-1304	5685775.56	7423819.41	0.10
19-1302	5685745.75	7423809.11	0.20	19-1301	5685754.15	7423787.18	0.20
19-1306	5685766.84	7423777.85	0.10	19-1301	5685754.15	7423787.18	0.20
19-1307	5685787.77	7423784.72	0.10	19-1306	5685766.84	7423777.85	0.10
19-1307	5685787.77	7423784.72	0.10	19-1304	5685775.56	7423819.41	0.10
19-1307	5685787.77	7423784.72	0.10	19-1308	5685816.69	7423793.84	0.00
19-1309	5685810.29	7423786.42	0.10	19-1310	5685814.74	7423782.61	0.00
19-1313	5685822.90	7423759.02	0.10	19-1310	5685814.74	7423782.61	0.00
19-1308	5685816.69	7423793.84	0.00	19-1305	5685803.56	7423830.57	0.10
19-1461	5685835.18	7423742.03	0.00	19-1308	5685816.69	7423793.84	0.00
19-1314	5685832.67	7423730.62	0.10	19-1313	5685822.90	7423759.02	0.10
19-1303	5685774.99	7423821.21	0.10	19-1305	5685803.56	7423830.57	0.10
19-1286	5685790.51	7423867.23	0.00	19-1305	5685803.56	7423830.57	0.10
19-1286	5685790.51	7423867.23	0.00	19-1464	5685794.34	7423868.69	0.00
19-1286	5685790.51	7423867.23	0.00	19-1218	5685762.60	7423857.10	0.00
19-1242	5685764.28	7423852.40	0.00	19-1218	5685762.60	7423857.10	0.00
19-1242	5685764.28	7423852.40	0.00	19-1303	5685774.99	7423821.21	0.10
19-1303	5685774.99	7423821.21	0.10	19-1304	5685775.56	7423819.41	0.10
19-29	5685757.28	7423855.32	0.00	19-1218	5685762.60	7423857.10	0.00
19-29	5685757.28	7423855.32	0.00	19-1236	5685744.47	7423893.20	0.10
19-1245	5685728.88	7423845.81	0.10	19-29	5685757.28	7423855.32	0.00
19-1245	5685728.88	7423845.81	0.10	19-1237	5685715.29	7423883.51	0.10
19-1237	5685715.29	7423883.51	0.10	19-1236	5685744.47	7423893.20	0.10
BRAK	5685732.71	7423928.46	-	19-1236	5685744.47	7423893.20	0.10
BRAK	5685732.71	7423928.46	-	19-1241	5685731.08	7423933.30	0.00
19-45	5685730.62	7423934.99	0.00	19-1241	5685731.08	7423933.30	0.00
19-45	5685730.62	7423934.99	0.00	19-1582	5685762.28	7423960.54	0.00
19-45	5685730.62	7423934.99	0.00	19-686	5685727.79	7423931.54	0.00
19-2472	5685767.73	7423944.92	0.00	19-1582	5685762.28	7423960.54	0.00
19-1464	5685794.34	7423868.69	0.00	19-2472	5685767.73	7423944.92	0.00
19-1643	5685777.02	7423972.39	0.00	19-1582	5685762.28	7423960.54	0.00
19-1643	5685777.02	7423972.39	0.00	19-1642	5685783.76	7423978.22	0.00
19-2473	5685791.81	7423956.23	0.00	19-1642	5685783.76	7423978.22	0.00
19-1645	5685799.66	7423991.95	0.00	19-1642	5685783.76	7423978.22	0.00
19-1518	5685820.24	7423878.54	0.00	19-2473	5685791.81	7423956.23	0.00
19-1151	5685663.67	7423774.56	0.00	19-1152	5685669.79	7423778.44	0.00
19-1151	5685663.67	7423774.56	0.00	19-1154	5685647.83	7423817.92	0.00
19-1152	5685669.79	7423778.44	0.00	19-1158	5685658.09	7423810.56	0.00
19-1159	5685663.52	7423812.43	0.00	19-1158	5685658.09	7423810.56	0.00
19-1159	5685663.52	7423812.43	0.00	19-1155	5685659.96	7423821.98	0.00
19-1158	5685658.09	7423810.56	0.00	19-1153	5685654.56	7423820.15	0.00
19-821	5685654.99	7423820.28	0.00	19-1155	5685659.96	7423821.98	0.00
19-2182	5685664.20	7423823.43	0.00	19-1155	5685659.96	7423821.98	0.00
19-2181	5685771.43	7423527.16	0.00	19-2182	5685664.20	7423823.43	0.00
19-2183	5685788.49	7423528.34	0.00	19-2184	5685680.31	7423828.83	0.00
19-1232	5685685.45	7423873.61	0.10	19-1223	5685698.25	7423838.47	0.00
19-1241	5685731.08	7423933.30	0.00	19-1226	5685719.69	7423927.08	0.00
19-461	5685674.16	7423915.15	0.00	19-686	5685727.79	7423931.54	0.00
19-1226	5685719.69	7423927.08	0.00	19-1225	5685708.35	7423922.55	0.00
19-1227	5685701.57	7423920.97	0.00	19-1225	5685708.35	7423922.55	0.00
19-1237	5685715.29	7423883.51	0.10	19-1227	5685701.57	7423920.97	0.00
19-1227	5685701.57	7423920.97	0.00	19-1224	5685673.67	7423913.70	0.00
19-1231	5685674.03	7423908.96	0.10	19-1224	5685673.67	7423913.70	0.00
19-1232	5685685.45	7423873.61	0.10	19-1231	5685674.03	7423908.96	0.10
19-1221	5685665.73	7423911.81	0.10	19-1224	5685673.67	7423913.70	0.00
19-1221	5685665.73	7423911.81	0.10	19-1240	5685633.11	7423904.94	0.00
19-461	5685674.16	7423915.15	0.00	19-687	5685654.74	7423909.50	0.00
19-688	5685642.98	7423907.71	0.00	19-687	5685654.74	7423909.50	0.00
19-689	5685635.04	7423906.33	0.00	19-688	5685642.98	7423907.71	0.00
19-689	5685635.04	7423906.33	0.00	19-685	5685632.63	7423906.21	0.00
19-685	5685632.63	7423906.21	0.00	19-1240	5685633.11	7423904.94	0.00
19-812	5685628.55	7423906.00	0.00	19-685	5685632.63	7423906.21	0.00
19-812	5685628.55	7423906.00	0.00	19-1916	5685629.11	7423904.52	0.00
19-812	5685628.55	7423906.00	0.00	19-809	5685622.69	7423905.70	0.00
19-1916	5685629.11	7423904.52	0.00	19-1239	5685629.29	7423904.15	0.00
19-1239	5685629.29	7423904.15	0.00	19-1240	5685633.11	7423904.94	0.00
19-817	5685645.84	7423859.90	0.00	19-1239	5685629.29	7423904.15	0.00
19-1238	5685649.87	7423860.80	0.00	19-1240	5685633.11	7423904.94	0.00
19-1238	5685649.87	7423860.80	0.00	19-1247	5685646.02	7423859.44	0.00
19-817	5685645.84	7423859.90	0.00	19-1247	5685646.02	7423859.44	0.00
19-829	5685629.44	7423853.92	0.00	19-817	5685645.84	7423859.90	0.00
19-1247	5685646.02	7423859.44	0.00	19-1246	5685647.68	7423854.88	0.10
19-1234	5685651.45	7423856.20	0.00	19-1246	5685647.68	7423854.88	0.10
19-1234	5685651.45	7423856.20	0.00	19-1238	5685649.87	7423860.80	0.10
19-684	5685653.11	7423851.79	0.00	19-1234	5685651.45	7423856.20	0.00
19-683	5685668.28	7423856.88	0.00	19-684	5685653.11	7423851.79	0.00
19-1233	5685666.56	7423861.56	0.10	19-1234	5685651.45	7423856.20	0.00
19-1238	5685649.87	7423860.80	0.00	19-1248	5685677.94	7423870.82	0.10
19-683	5685668.28	7423856.88	0.00	19-1233	5685666.56	7423861.56	0.10
19-1244	5685679.48	7423866.11	0.00	19-1233	5685666.56	7423861.56	0.10
19-1228	5685683.60	7423864.14	0.00	19-1244	5685679.48	7423866.11	0.00
19-1248	5685677.94	7423870.82	0.10	19-1229	5685679.66	7423874.75	0.10
19-1229	5685679.66	7423874.75	0.10	19-1230	5685673.12	7423895.86	0.10
19-1230	5685673.11	7423895.86	0.10	19-1221	5685665.73	7423911.81	0.10
19-683	5685668.28	7423856.88	0.00	19-682	5685678.99	7423828.39	0.00
19-2184	5685680.31	7423828.83	0.00	19-682	5685678.99	7423828.39	0.00
19-2182	5685664.20	7423823.43	0.00	19-682	5685678.99	7423828.39	0.00
19-1237	5685715.29	7423883.51	0.10	19-1232	5685685.45	7423873.61	0.10
19-821	5685654.99	7423820.28	0.00	19-835	5685644.23	7423849.41	0.00
19-1155	5685659.96	7423821.98	0.00	19-1246	5685647.68	7423854.88	0.10
19-824	5685626.38	7423847.69	0.00	19-825	5685639.01	7423851.84	0.00
19-825	5685639.01	7423851.84	0.00	19-835	5685644.23	7423849.41	0.00
19-1154	5685647.83	7423817.92	0.00	19-1153	5685654.56	7423820.15	0.00
19-2178	5685644.77	7423816.92	0.00	19-1154	5685647.83	7423817.92	0.00
19-2177	5685752.89	7423525.88	0.00	19-2178	5685644.77	7423816.92	0.00
19-2178	5685644.77	7423816.92	0.00	19-820	5685638.55	7423814.88	0.00
19-820	5685638.55	7423814.88	0.00	19-824	5685626.38	7423847.69	0.00
19-830	5685613.14	7423897.50	0.00	19-839	5685611.85	7423900.96	0.00
19-46	5685598.90	7423895.29	0.00	19-1170	5685610.02	7423900.15	0.00
19-46	5685598.90	7423895.29	0.00	19-838	5685596.18	7423893.64	0.00
19-1171	5685596.97	7423891.86	0.00	19-1170	5685610.02	7423900.15	0.00
19-809	5685622.69	7423905.70	0.00	19-839	5685611.85	7423900.96	0.00
19-839	5685611.85	7423900.96	0.00	19-1170	5685610.02	7423900.15	0.00
19-810	5685588.33	7423888.87	0.00	19-838	5685596.18	7423893.64	0.00
19-838	5685596.18	7423893.64	0.00	19-1169	5685596.87	7423891.79	0.00
19-1168	5685582.34	7423881.37	0.00	19-1169	5685596.87	7423891.79	0.00
19-810	5685588.33	7423888.87	0.00	19-837	5685581.27	7423884.25	0.00
19-2175	5685730.95	7423524.37	0.00	19-2176	5685625.62	7423810.51	0.00
19-2173	5685722.17	7423523.76	0.00	19-2174	5685617.85	7423807.91	0.00
19-2170	5685714.79	7423523.25	0.00	19-2171	5685610.93	7423805.59	0.00
19-2172	5685604.58	7423803.46	0.00	19-2169	5685625.04	7423747.27	0.00
19-2167	5685592.64	7423799.47	0.00	19-2166	5685613.04	7423743.05	0.00
19-2164	5685584.12	7423796.42	0.00	19-2163	5685682.78	7423521.04	0.00
19-2160	5685672.71	7423520.35	0.00	19-2161	5685575.31	7423793.16	0.00
19-2158	5685661.64	7423519.58	0.00	19-2159	5685566.31	7423789.82	0.00
19-2156	5685641.60	7423518.20	0.00	19-2157	5685548.31	7423783.15	0.00
19-2151	5685538.75	7423779.60	0.00	19-2150	5685630.38	7423517.42	0.00
19-2176	5685625.62	7423810.51	0.00	19-820	5685638.55	7423814.88	0.00
19-2176	5685625.62	7423810.51	0.00	19-819	5685622.22	7423809.37	0.00
19-819	5685622.22	7423809.37	0.00	19-823	5685610.04	7423842.14	0.00
19-2174	5685617.85	7423807.91	0.00	19-819	5685622.22	7423809.37	0.00
19-2174	5685617.85	7423807.91	0.00	19-2171	5685610.93	7423805.59	0.00
19-2171	5685610.93	7423805.59	0.00	19-818	5685605.80	7423803.87	0.00
19-818	5685605.80	7423803.87	0.00	19-822	5685593.63	7423836.71	0.00
19-2172	5685604.58	7423803.46	0.00	19-818	5685605.80	7423803.87	0.00
19-2172	5685604.58	7423803.46	0.00	19-2167	5685592.64	7423799.47	0.00
19-2167	5685592.64	7423799.47	0.00	19-31	5685589.37	7423798.37	0.00
19-31	5685589.37	7423798.37	0.00	19-814	5685577.09	7423831.58	0.00
19-31	5685589.37	7423798.37	0.00	19-914	5685584.53	7423796.56	0.00
19-914	5685584.53	7423796.56	0.00	19-913	5685571.66	7423829.27	0.00
19-2164	5685584.12	7423796.42	0.00	19-548	5685579.85	7423794.83	0.00
19-998	5685566.07	7423829.76	0.00	19-548	5685579.85	7423794.83	0.00
19-2161	5685575.31	7423793.16	0.00	19-548	5685579.85	7423794.83	0.00
19-2161	5685575.31	7423793.16	0.00	19-2159	5685566.31	7423789.82	0.00
19-2159	5685566.31	7423789.82	0.00	19-2157	5685548.31	7423783.15	0.00
19-2157	5685548.31	7423783.15	0.00	19-549	5685543.52	7423781.37	0.00
19-2151	5685538.75	7423779.60	0.00	19-549	5685543.52	7423781.37	0.00
19-2152	5685522.50	7423773.58	0.00	19-2151	5685538.75	7423779.60	0.00
19-2152	5685522.50	7423773.58	0.00	19-2153	5685503.59	7423766.57	0.00
19-1516	5685489.78	7423858.35	0.00	19-2152	5685522.50	7423773.58	0.00
19-1516	5685489.78	7423858.35	0.00	19-1585	5685488.56	7423861.53	0.00
19-549	5685543.52	7423781.37	0.00	19-997	5685531.44	7423816.15	0.00
19-998	5685566.07	7423829.76	0.00	19-997	5685531.44	7423816.15	0.00
19-997	5685531.44	7423816.15	0.00	19-1000	5685517.08	7423856.14	0.00
19-811	5685570.07	7423876.92	0.00	19-837	5685581.27	7423884.25	0.00
19-811	5685570.07	7423876.92	0.00	19-836	5685566.39	7423874.79	0.00
19-907	5685567.55	7423871.70	0.00	19-836	5685566.39	7423874.79	0.00
19-999	5685542.29	7423860.60	0.00	19-1000	5685517.08	7423856.14	0.00
19-1523	5685493.63	7423856.71	0.00	19-1000	5685517.08	7423856.14	0.00
19-1585	5685488.56	7423861.53	0.00	19-1586	5685473.37	7423865.59	0.00
19-1509	5685463.31	7423868.34	0.00	19-1586	5685473.37	7423865.59	0.00
19-156	5685416.97	7423815.12	0.00	19-1535	5685412.87	7423827.33	0.00
19-1535	5685412.87	7423827.33	0.00	19-1534	5685393.22	7423885.14	0.00
19-1543	5685393.69	7423835.13	0.00	19-1535	5685412.87	7423827.33	0.00
19-1543	5685393.69	7423835.13	0.00	19-1553	5685382.87	7423887.37	0.00
19-1543	5685393.69	7423835.13	0.00	19-1544	5685369.49	7423843.73	0.00
19-1558	5685360.05	7423892.37	0.00	19-1544	5685369.49	7423843.73	0.00
19-1544	5685369.49	7423843.73	0.00	19-1545	5685352.46	7423849.25	0.00
19-1558	5685360.05	7423892.37	0.00	19-1553	5685382.87	7423887.37	0.00
19-471	5685358.05	7423892.81	0.00	19-1558	5685360.05	7423892.37	0.00
19-1562	5685340.80	7423896.13	0.00	19-1545	5685352.46	7423849.25	0.00
19-471	5685358.05	7423892.81	0.00	19-1562	5685340.80	7423896.13	0.00
19-1574	5685318.77	7423900.37	0.00	19-1562	5685340.80	7423896.13	0.00
19-1575	5685316.97	7423900.58	0.00	19-1574	5685318.77	7423900.37	0.00
19-1587	5685298.81	7423902.68	0.00	19-1575	5685316.97	7423900.58	0.00
19-1575	5685316.97	7423900.58	0.00	19-1546	5685330.74	7423858.54	0.00
19-1547	5685332.49	7423853.12	0.00	19-1546	5685330.74	7423858.54	0.00
19-159	5685333.95	7423848.62	0.00	19-1547	5685332.49	7423853.12	0.00
19-1569	5685304.85	7423867.28	0.00	19-1546	5685330.74	7423858.54	0.00
19-1547	5685332.49	7423853.12	0.00	19-1545	5685352.46	7423849.25	0.00
19-172	5685309.20	7423852.50	0.00	19-1569	5685304.85	7423867.28	0.00
19-172	5685309.20	7423852.50	0.00	19-159	5685333.95	7423848.62	0.00
19-172	5685309.20	7423852.50	0.00	19-174	5685296.71	7423854.46	0.00
19-1571	5685296.33	7423902.98	0.00	19-2479	5685298.44	7423888.24	0.10
19-1587	5685298.81	7423902.68	0.00	BRAK	5685294.32	7423903.22	-
19-1572	5685276.98	7423905.32	0.00	BRAK	5685294.32	7423903.22	-
19-780	5685312.70	7423907.24	0.00	19-787	5685307.13	7423907.93	0.00
19-1590	5685319.41	7423903.30	0.00	19-780	5685312.70	7423907.24	0.00
19-780	5685312.70	7423907.24	0.00	19-1122	5685283.23	7423988.53	0.00
19-798	5685295.57	7423939.80	0.00	19-787	5685307.13	7423907.93	0.00
19-779	5685274.94	7423911.94	0.00	19-787	5685307.13	7423907.93	0.00
19-779	5685274.94	7423911.94	0.00	19-789	5685268.37	7423929.77	0.00
19-1591	5685244.03	7423912.26	0.00	19-779	5685274.94	7423911.94	0.00
19-1591	5685244.03	7423912.26	0.00	19-1714	5685243.67	7423917.79	0.00
19-1591	5685244.03	7423912.26	0.00	19-474	5685240.32	7423912.70	0.00
19-2003	5685239.67	7423918.66	0.00	19-756	5685239.95	7423912.72	0.00
19-474	5685240.32	7423912.70	0.00	19-756	5685239.95	7423912.72	0.00
19-755	5685217.38	7423913.07	0.00	19-756	5685239.95	7423912.72	0.00
19-475	5685216.51	7423916.14	0.00	19-755	5685217.38	7423913.07	0.00
19-755	5685217.38	7423913.07	0.00	19-1114	5685211.89	7423916.40	0.00
19-475	5685216.51	7423916.14	0.00	19-759	5685181.17	7424016.56	0.00
19-1113	5685192.65	7423969.76	0.00	19-1114	5685211.89	7423916.40	0.00
19-1111	5685186.24	7423914.73	0.00	19-1114	5685211.89	7423916.40	0.00
19-1111	5685186.24	7423914.73	0.00	19-1112	5685169.38	7423961.81	0.00
19-1112	5685169.38	7423961.81	0.00	19-1113	5685192.65	7423969.76	0.00
19-50	5685092.72	7424175.94	0.00	19-1112	5685169.38	7423961.81	0.00
19-50	5685092.72	7424175.94	0.00	19-1707	5685091.24	7424180.03	0.00
19-1707	5685091.24	7424180.03	0.00	19-1733	5685096.70	7424180.47	0.00
19-1707	5685091.24	7424180.03	0.00	19-1708	5685051.52	7424176.79	0.00
19-1708	5685051.52	7424176.79	0.00	19-1775	5685039.37	7424211.33	0.00
O-171	5684925.85	7424534.17	0.00	19-1775	5685039.37	7424211.33	0.00
O-183	5684971.04	7424550.98	0.00	19-1732	5685084.64	7424216.04	0.00
19-760	5685110.11	7424218.35	0.00	O-188	5684989.79	7424557.95	0.00
19-763	5685136.09	7424220.46	0.00	O-194	5685009.20	7424565.17	0.00
19-1775	5685039.37	7424211.33	0.00	19-1773	5685019.44	7424211.64	0.00
19-1732	5685084.64	7424216.04	0.00	19-1776	5685072.00	7424211.01	0.00
19-1733	5685096.70	7424180.47	0.00	19-1732	5685084.64	7424216.04	0.00
19-760	5685110.11	7424218.35	0.00	19-1732	5685084.64	7424216.04	0.00
19-1775	5685039.37	7424211.33	0.00	19-1776	5685072.00	7424211.01	0.00
19-1166	5685117.66	7424198.32	0.00	19-760	5685110.11	7424218.35	0.00
19-763	5685136.09	7424220.46	0.00	19-760	5685110.11	7424218.35	0.00
19-1166	5685117.66	7424198.32	0.00	19-1097	5685140.87	7424207.47	0.00
19-1166	5685117.66	7424198.32	0.00	19-761	5685123.72	7424181.27	0.00
19-1097	5685140.87	7424207.47	0.00	19-1844	5685139.05	7424212.39	0.00
19-763	5685136.09	7424220.46	0.00	19-1844	5685139.05	7424212.39	0.00
19-1165	5685152.44	7424101.26	0.00	19-761	5685123.72	7424181.27	0.00
19-1165	5685152.44	7424101.26	0.00	19-1066	5685176.98	7424106.79	0.00
19-1165	5685152.44	7424101.26	0.00	19-759	5685181.17	7424016.56	0.00
19-759	5685181.17	7424016.56	0.00	19-758	5685205.68	7424025.26	0.00
19-917	5685240.25	7423970.64	0.00	19-1714	5685243.67	7423917.79	0.00
19-1712	5685236.32	7423990.48	0.00	19-917	5685240.25	7423970.64	0.00
19-1711	5685237.35	7424000.53	0.00	19-1712	5685236.32	7423990.48	0.00
19-786	5685238.40	7424010.37	0.00	19-1711	5685237.35	7424000.53	0.00
19-782	5685238.33	7424011.70	0.00	19-786	5685238.40	7424010.37	0.00
19-782	5685238.33	7424011.70	0.00	19-792	5685242.45	7424000.15	0.00
19-782	5685238.33	7424011.70	0.00	19-793	5685237.23	7424027.57	0.00
19-1122	5685283.23	7423988.53	0.00	19-1121	5685274.70	7424012.03	0.00
19-796	5685278.53	7423986.82	0.00	19-1122	5685283.23	7423988.53	0.00
19-1121	5685274.70	7424012.03	0.00	19-1119	5685265.32	7424037.90	0.00
19-795	5685270.00	7424010.32	0.00	19-1121	5685274.70	7424012.03	0.00
19-794	5685260.62	7424036.19	0.00	19-1119	5685265.32	7424037.90	0.00
19-781	5685231.39	7424130.23	0.00	19-1119	5685265.32	7424037.90	0.00
19-794	5685260.62	7424036.19	0.00	19-788	5685233.67	7424110.51	0.00
19-794	5685260.62	7424036.19	0.00	19-793	5685237.23	7424027.57	0.00
19-788	5685233.67	7424110.51	0.00	19-793	5685237.23	7424027.57	0.00
19-781	5685231.39	7424130.23	0.00	19-788	5685233.67	7424110.51	0.00
19-1693	5685230.72	7424138.31	0.00	19-781	5685231.39	7424130.23	0.00
19-1692	5685241.65	7424176.90	0.00	19-1693	5685230.72	7424138.31	0.00
19-1691	5685256.71	7424201.51	0.00	19-1692	5685241.65	7424176.90	0.00
19-1099	5685238.71	7424177.50	0.00	19-68	5685254.79	7424203.81	0.00
19-1099	5685238.71	7424177.50	0.00	19-2005	5685227.98	7424139.60	0.00
19-1075	5685225.17	7424148.06	0.00	19-1068	5685227.42	7424150.05	0.00
19-1095	5685227.08	7424142.48	0.00	19-1075	5685225.17	7424148.06	0.00
19-1095	5685227.08	7424142.48	0.00	19-2005	5685227.98	7424139.60	0.00
19-1095	5685227.08	7424142.48	0.00	19-1067	5685226.46	7424133.58	0.00
19-1070	5685222.14	7424145.34	0.00	19-1075	5685225.17	7424148.06	0.00
19-1100	5685227.78	7424138.91	0.00	19-69	5685231.66	7424090.36	0.00
19-1102	5685231.09	7424070.31	0.00	19-69	5685231.66	7424090.36	0.00
19-1081	5685234.89	7424021.03	0.00	19-784	5685233.52	7424050.41	0.00
19-895	5685235.39	7424010.45	0.00	19-1081	5685234.89	7424021.03	0.00
19-1081	5685234.89	7424021.03	0.00	19-1089	5685227.56	7424041.38	0.00
19-1082	5685234.36	7424000.39	0.00	19-895	5685235.39	7424010.45	0.00
19-905	5685233.29	7423990.34	0.00	19-1082	5685234.36	7424000.39	0.00
19-919	5685237.25	7423970.50	0.00	19-905	5685233.29	7423990.34	0.00
19-919	5685237.25	7423970.50	0.00	19-1084	5685239.41	7423921.14	0.00
19-2003	5685239.67	7423918.66	0.00	19-1084	5685239.41	7423921.14	0.00
19-1084	5685239.41	7423921.14	0.00	19-1005	5685227.24	7423959.11	0.00
19-1005	5685227.24	7423959.11	0.00	19-1006	5685228.10	7424027.43	0.00
19-758	5685205.68	7424025.26	0.00	19-1005	5685227.24	7423959.11	0.00
19-1089	5685227.56	7424041.38	0.00	19-1012	5685227.85	7424033.93	0.00
19-1090	5685219.88	7424062.00	0.00	19-1089	5685227.56	7424041.38	0.00
19-1015	5685226.78	7424062.40	0.00	19-1089	5685227.56	7424041.38	0.00
19-1013	5685203.58	7424032.18	0.00	19-1012	5685227.85	7424033.93	0.00
19-758	5685205.68	7424025.26	0.00	19-1013	5685203.58	7424032.18	0.00
19-1013	5685203.58	7424032.18	0.00	19-1016	5685193.51	7424060.44	0.00
19-1016	5685193.51	7424060.44	0.00	19-1090	5685219.88	7424062.00	0.00
19-1016	5685193.51	7424060.44	0.00	19-1064	5685185.15	7424083.89	0.00
19-1066	5685176.98	7424106.79	0.00	19-1064	5685185.15	7424083.89	0.00
19-1064	5685185.15	7424083.89	0.00	19-1091	5685211.34	7424084.86	0.00
19-1091	5685211.34	7424084.86	0.00	19-1090	5685219.88	7424062.00	0.00
19-1063	5685225.90	7424085.40	0.00	19-1091	5685211.34	7424084.86	0.00
19-1015	5685226.78	7424062.40	0.00	19-1090	5685219.88	7424062.00	0.00
19-1859	5685163.00	7424215.78	0.00	19-1844	5685139.05	7424212.39	0.00
19-763	5685136.09	7424220.46	0.00	19-1782	5685151.48	7424218.11	0.00
19-762	5685148.85	7424185.69	0.00	19-1097	5685140.87	7424207.47	0.00
19-762	5685148.85	7424185.69	0.00	19-1074	5685161.87	7424149.18	0.00
19-1074	5685161.87	7424149.18	0.00	19-1073	5685185.97	7424144.54	0.00
19-1066	5685176.98	7424106.79	0.00	19-1074	5685161.87	7424149.18	0.00
19-1066	5685176.98	7424106.79	0.00	19-1065	5685196.48	7424107.53	0.00
19-1092	5685202.79	7424107.77	0.00	19-1065	5685196.48	7424107.53	0.00
19-1092	5685202.79	7424107.77	0.00	19-1091	5685211.34	7424084.86	0.00
19-1092	5685202.79	7424107.77	0.00	19-1007	5685225.03	7424108.61	0.00
19-1065	5685196.48	7424107.53	0.00	19-1093	5685197.20	7424122.74	0.00
19-1092	5685202.79	7424107.77	0.00	19-1093	5685197.20	7424122.74	0.00
19-1093	5685197.20	7424122.74	0.00	19-1094	5685189.30	7424143.90	0.00
19-1071	5685198.13	7424142.20	0.00	19-1093	5685197.20	7424122.74	0.00
19-1071	5685198.13	7424142.20	0.00	19-1094	5685189.30	7424143.90	0.00
19-1094	5685189.30	7424143.90	0.00	19-1073	5685185.97	7424144.54	0.00
19-1094	5685189.30	7424143.90	0.00	19-1072	5685186.75	7424150.72	0.00
19-1073	5685185.97	7424144.54	0.00	19-1072	5685186.75	7424150.72	0.00
19-1083	5685172.11	7424190.02	0.00	19-1072	5685186.75	7424150.72	0.00
19-1072	5685186.75	7424150.72	0.00	19-1080	5685195.67	7424211.17	0.00
19-1072	5685186.75	7424150.72	0.00	19-1070	5685222.14	7424145.34	0.00
19-1859	5685163.00	7424215.78	0.00	19-1083	5685172.11	7424190.02	0.00
19-1085	5685162.78	7424216.39	0.00	19-1859	5685163.00	7424215.78	0.00
19-1014	5685204.07	7424209.83	0.00	19-486	5685207.56	7424195.69	0.00
19-1014	5685204.07	7424209.83	0.00	19-1080	5685195.67	7424211.17	0.00
19-1014	5685204.07	7424209.83	0.00	O-208	5685065.64	7424586.29	0.00
19-1095	5685227.08	7424142.48	0.00	19-1068	5685227.42	7424150.05	0.00
19-1100	5685227.78	7424138.91	0.00	19-2005	5685227.98	7424139.60	0.00
19-89	5685153.29	7423844.07	0.00	19-90	5685147.98	7423842.89	0.00
19-91	5685134.43	7423831.20	0.00	19-90	5685147.98	7423842.89	0.00
19-650	5685109.22	7423899.45	0.00	19-91	5685134.43	7423831.20	0.00
19-91	5685134.43	7423831.20	0.00	19-92	5685119.39	7423817.54	0.00
19-650	5685109.22	7423899.45	0.00	19-647	5685131.92	7423901.92	0.00
19-93	5685116.23	7423815.73	0.00	19-92	5685119.39	7423817.54	0.00
19-93	5685116.23	7423815.73	0.00	19-1843	5685110.77	7423830.85	0.00
19-1843	5685110.77	7423830.85	0.00	19-648	5685086.84	7423897.02	0.00
19-650	5685109.22	7423899.45	0.00	19-648	5685086.84	7423897.02	0.00
19-1533	5685050.97	7423893.11	0.00	19-648	5685086.84	7423897.02	0.00
19-1593	5685085.09	7423901.84	0.00	19-87	5685049.31	7423897.96	0.00
19-87	5685049.31	7423897.96	0.00	19-1265	5685034.42	7423938.70	0.00
19-87	5685049.31	7423897.96	0.00	19-1263	5685017.85	7423894.71	0.00
19-88	5685013.97	7423894.12	0.00	19-1263	5685017.85	7423894.71	0.00
19-1264	5685005.84	7423928.44	0.00	19-1263	5685017.85	7423894.71	0.00
19-1264	5685005.84	7423928.44	0.00	19-1265	5685034.42	7423938.70	0.00
19-1267	5685026.05	7423961.97	0.00	19-1265	5685034.42	7423938.70	0.00
19-1266	5684997.54	7423951.74	0.00	19-1267	5685026.05	7423961.97	0.00
19-1267	5685026.05	7423961.97	0.00	19-1269	5685017.67	7423985.30	0.00
19-109	5685010.58	7424005.03	0.00	19-1269	5685017.67	7423985.30	0.00
19-1268	5684989.22	7423975.09	0.00	19-1269	5685017.67	7423985.30	0.00
19-109	5685010.58	7424005.03	0.00	19-1271	5685007.58	7424013.37	0.00
19-136	5684981.04	7423997.89	0.00	19-109	5685010.58	7424005.03	0.00
19-1270	5684979.21	7424003.19	0.00	19-1271	5685007.58	7424013.37	0.00
19-1273	5684997.47	7424041.51	0.00	19-1271	5685007.58	7424013.37	0.00
19-1273	5684997.47	7424041.51	0.00	19-1701	5684992.87	7424054.30	0.00
19-1275	5684986.20	7424072.88	0.00	19-1701	5684992.87	7424054.30	0.00
19-1277	5684977.16	7424098.04	0.00	19-1275	5684986.20	7424072.88	0.00
19-1274	5684957.99	7424062.76	0.00	19-1275	5684986.20	7424072.88	0.00
19-1276	5684949.02	7424087.95	0.00	19-1277	5684977.16	7424098.04	0.00
19-1277	5684977.16	7424098.04	0.00	19-1279	5684966.96	7424126.42	0.00
19-1278	5684938.90	7424116.36	0.00	19-1279	5684966.96	7424126.42	0.00
19-1279	5684966.96	7424126.42	0.00	19-1281	5684957.87	7424151.72	0.00
19-104	5684957.39	7424153.04	0.00	19-1281	5684957.87	7424151.72	0.00
19-1280	5684929.88	7424141.68	0.00	19-1281	5684957.87	7424151.72	0.00
19-104	5684957.39	7424153.04	0.00	19-107	5684951.98	7424168.67	0.00
19-107	5684951.98	7424168.67	0.00	19-108	5684946.18	7424168.20	0.00
19-106	5684916.74	7424166.15	0.00	19-108	5684946.18	7424168.20	0.00
19-108	5684946.18	7424168.20	0.00	19-1770	5684933.53	7424202.63	0.00
19-1773	5685019.44	7424211.64	0.00	19-1774	5685001.81	7424216.59	0.00
19-1703	5685032.43	7424175.42	0.00	19-1773	5685019.44	7424211.64	0.00
O-166	5684903.91	7424526.00	0.00	19-1773	5685019.44	7424211.64	0.00
19-1772	5684959.29	7424214.56	0.00	19-1774	5685001.81	7424216.59	0.00
19-1700	5684975.50	7424170.59	0.00	19-1772	5684959.29	7424214.56	0.00
19-1700	5684975.50	7424170.59	0.00	19-107	5684951.98	7424168.67	0.00
19-1772	5684959.29	7424214.56	0.00	19-1770	5684933.53	7424202.63	0.00
19-1770	5684933.53	7424202.63	0.00	19-1694	5684906.82	7424193.37	0.00
O-147	5684825.23	7424497.47	0.00	19-1770	5684933.53	7424202.63	0.00
O-156	5684851.49	7424506.89	0.00	19-1772	5684959.29	7424214.56	0.00
19-102	5684979.95	7423767.02	0.00	19-448	5685008.86	7423786.83	0.00
19-102	5684979.95	7423767.02	0.00	19-103	5684970.61	7423763.47	0.00
19-271	5684953.17	7423756.84	0.00	19-103	5684970.61	7423763.47	0.00
19-539	5684942.08	7423826.95	0.00	19-103	5684970.61	7423763.47	0.00
19-252	5684942.01	7423750.05	0.00	19-271	5684953.17	7423756.84	0.00
19-252	5684942.01	7423750.05	0.00	19-250	5684939.98	7423748.82	0.00
19-579	5684939.27	7423755.22	0.00	19-252	5684942.01	7423750.05	0.00
19-576	5684878.43	7423869.98	0.00	19-579	5684939.27	7423755.22	0.00
19-250	5684939.98	7423748.82	0.00	19-590	5684909.25	7423806.50	0.00
19-201	5684909.06	7423730.01	0.00	19-250	5684939.98	7423748.82	0.00
19-201	5684909.06	7423730.01	0.00	19-200	5684878.09	7423711.18	0.00
19-580	5684905.09	7423736.74	0.00	19-201	5684909.06	7423730.01	0.00
19-580	5684905.09	7423736.74	0.00	19-2249	5684895.27	7423753.55	0.00
19-2249	5684895.27	7423753.55	0.00	19-1462	5684877.33	7423784.19	0.00
19-2249	5684895.27	7423753.55	0.00	19-2250	5684863.06	7423737.05	0.00
19-2250	5684863.06	7423737.05	0.00	19-2251	5684860.01	7423735.54	0.00
19-2251	5684860.01	7423735.54	0.00	19-2267	5684843.10	7423767.43	0.00
19-2238	5684839.23	7423726.10	0.00	19-2251	5684860.01	7423735.54	0.00
19-2250	5684863.06	7423737.05	0.00	19-2269	5684844.70	7423768.14	0.00
19-2237	5684849.82	7423706.79	0.00	19-2238	5684839.23	7423726.10	0.00
19-2240	5684805.89	7423786.94	0.00	19-2238	5684839.23	7423726.10	0.00
19-2241	5684767.90	7423856.26	0.00	19-2240	5684805.89	7423786.94	0.00
19-2240	5684805.89	7423786.94	0.00	19-2268	5684826.47	7423797.16	0.00
19-2267	5684843.10	7423767.43	0.00	19-2268	5684826.47	7423797.16	0.00
19-1514	5684796.16	7423859.82	0.00	19-2268	5684826.47	7423797.16	0.00
19-2269	5684844.70	7423768.14	0.00	19-2267	5684843.10	7423767.43	0.00
19-2269	5684844.70	7423768.14	0.00	19-83	5684835.54	7423784.84	0.00
19-1462	5684877.33	7423784.19	0.00	19-2269	5684844.70	7423768.14	0.00
19-82	5684867.33	7423801.24	0.00	19-83	5684835.54	7423784.84	0.00
19-1512	5684827.55	7423798.02	0.00	19-83	5684835.54	7423784.84	0.00
19-1512	5684827.55	7423798.02	0.00	19-1515	5684859.77	7423814.15	0.00
19-1512	5684827.55	7423798.02	0.00	19-1513	5684798.38	7423860.10	0.00
19-1513	5684798.38	7423860.10	0.00	19-1514	5684796.16	7423859.82	0.00
19-581	5684830.36	7423864.36	0.00	19-1513	5684798.38	7423860.10	0.00
19-2241	5684767.90	7423856.26	0.00	19-1514	5684796.16	7423859.82	0.00
19-1462	5684877.33	7423784.19	0.00	19-585	5684875.62	7423787.10	0.00
19-82	5684867.33	7423801.24	0.00	19-585	5684875.62	7423787.10	0.00
19-82	5684867.33	7423801.24	0.00	19-584	5684866.75	7423802.23	0.00
19-1515	5684859.77	7423814.15	0.00	19-584	5684866.75	7423802.23	0.00
19-1515	5684859.77	7423814.15	0.00	19-583	5684857.93	7423817.30	0.00
19-583	5684857.93	7423817.30	0.00	19-582	5684849.60	7423831.52	0.00
19-581	5684830.36	7423864.36	0.00	19-582	5684849.60	7423831.52	0.00
19-581	5684830.36	7423864.36	0.00	19-578	5684836.38	7423864.90	0.00
19-601	5684827.88	7423868.87	0.00	19-600	5684835.65	7423869.85	0.00
19-594	5684875.36	7423874.69	0.00	19-600	5684835.65	7423869.85	0.00
19-86	5684875.91	7423874.74	0.00	19-594	5684875.36	7423874.69	0.00
19-86	5684875.91	7423874.74	0.00	19-1061	5684873.51	7423879.20	0.00
19-86	5684875.91	7423874.74	0.00	19-480	5684895.28	7423876.62	0.00
19-578	5684836.38	7423864.90	0.00	19-577	5684875.75	7423869.71	0.00
19-587	5684885.62	7423851.07	0.00	19-577	5684875.75	7423869.71	0.00
19-482	5684876.09	7423869.75	0.00	19-577	5684875.75	7423869.71	0.00
19-576	5684878.43	7423869.98	0.00	19-482	5684876.09	7423869.75	0.00
19-582	5684849.60	7423831.52	0.00	19-587	5684885.62	7423851.07	0.00
19-587	5684885.62	7423851.07	0.00	19-588	5684893.37	7423836.47	0.00
19-583	5684857.93	7423817.30	0.00	19-588	5684893.37	7423836.47	0.00
19-588	5684893.37	7423836.47	0.00	19-589	5684900.98	7423822.11	0.00
19-584	5684866.75	7423802.23	0.00	19-589	5684900.98	7423822.11	0.00
19-590	5684909.25	7423806.50	0.00	19-589	5684900.98	7423822.11	0.00
19-585	5684875.62	7423787.10	0.00	19-590	5684909.25	7423806.50	0.00
19-576	5684878.43	7423869.98	0.00	19-537	5684894.83	7423871.56	0.00
19-481	5684896.01	7423871.67	0.00	19-537	5684894.83	7423871.56	0.00
19-481	5684896.01	7423871.67	0.00	19-1192	5684920.59	7423875.29	0.00
19-1194	5684905.61	7423846.13	0.00	19-537	5684894.83	7423871.56	0.00
19-1320	5684927.76	7423876.35	0.00	19-1192	5684920.59	7423875.29	0.00
19-1193	5684924.57	7423872.42	0.00	19-1192	5684920.59	7423875.29	0.00
19-1062	5684946.68	7423884.20	0.00	19-1819	5684948.50	7423884.47	0.00
19-1819	5684948.50	7423884.47	0.00	19-1319	5684949.45	7423879.55	0.00
19-1819	5684948.50	7423884.47	0.00	19-1030	5684966.99	7423887.19	0.00
19-1030	5684966.99	7423887.19	0.00	19-1157	5684987.52	7423890.22	0.00
19-1030	5684966.99	7423887.19	0.00	19-1054	5684965.60	7423890.10	0.00
19-1054	5684965.60	7423890.10	0.00	19-1160	5684945.74	7423937.38	0.00
19-1056	5684954.75	7423888.82	0.00	19-1054	5684965.60	7423890.10	0.00
19-1161	5684965.77	7423945.78	0.00	19-1157	5684987.52	7423890.22	0.00
19-1161	5684965.77	7423945.78	0.00	19-1160	5684945.74	7423937.38	0.00
19-1042	5684941.00	7423948.65	0.00	19-1160	5684945.74	7423937.38	0.00
19-1042	5684941.00	7423948.65	0.00	19-1142	5684939.46	7423952.34	0.00
19-1042	5684941.00	7423948.65	0.00	19-1043	5684935.06	7423946.01	0.00
19-1144	5684917.97	7423942.76	0.00	19-1142	5684939.46	7423952.34	0.00
19-1037	5684923.37	7423990.60	0.00	19-1142	5684939.46	7423952.34	0.00
19-1035	5684915.77	7424008.67	0.00	19-1037	5684923.37	7423990.60	0.00
19-1145	5684901.24	7423980.72	0.00	19-1037	5684923.37	7423990.60	0.00
19-1036	5684833.19	7423972.38	0.00	19-1035	5684915.77	7424008.67	0.00
19-1033	5684908.10	7424026.91	0.00	19-1035	5684915.77	7424008.67	0.00
19-601	5684827.88	7423868.87	0.00	19-564	5684777.31	7423862.62	0.30
19-564	5684777.05	7423862.59	0.00	19-566	5684774.90	7423879.85	0.00
19-562	5684764.41	7423860.90	0.00	19-564	5684777.31	7423862.62	0.30
19-2002	5684842.22	7423702.67	0.00	19-2234	5684827.27	7423729.33	0.00
19-2234	5684827.27	7423729.33	0.00	19-2246	5684825.39	7423732.69	0.00
19-2246	5684825.39	7423732.69	0.00	19-2245	5684813.03	7423754.73	0.00
19-2244	5684764.02	7423842.15	0.00	19-2245	5684813.03	7423754.73	0.00
19-2245	5684813.03	7423754.73	0.00	19-2264	5684796.53	7423747.48	0.00
19-2266	5684777.07	7423763.16	0.00	19-2265	5684794.15	7423746.44	0.00
19-2265	5684794.15	7423746.44	0.00	19-2264	5684796.53	7423747.48	0.00
19-1465	5684755.16	7423784.96	0.00	19-2266	5684777.07	7423763.16	0.00
19-1466	5684758.16	7423797.73	0.00	19-1465	5684755.16	7423784.96	0.00
19-1909	5684749.92	7423754.24	0.00	19-2236	5684751.32	7423764.01	0.00
19-2236	5684751.32	7423764.01	0.00	19-2263	5684751.91	7423768.12	0.00
19-923	5684753.00	7423775.75	0.00	19-2263	5684751.91	7423768.12	0.00
19-923	5684753.00	7423775.75	0.00	19-1465	5684755.16	7423784.96	0.00
BRAK	5684762.55	7423884.62	-	19-562	5684764.41	7423860.90	0.00
19-483	5684764.90	7423855.88	0.00	19-562	5684764.41	7423860.90	0.00
BRAK	5684762.55	7423884.62	-	19-558	5684761.56	7423897.14	0.00
19-558	5684761.56	7423897.14	0.00	19-559	5684763.17	7423914.83	0.00
19-1475	5684759.31	7423832.39	0.20	19-1480	5684743.43	7423832.84	0.00
19-1475	5684759.31	7423832.39	0.20	19-1474	5684760.36	7423837.79	0.00
19-1475	5684759.31	7423832.39	0.20	19-1476	5684756.54	7423818.15	0.00
19-1473	5684760.93	7423845.27	0.00	19-1474	5684760.36	7423837.79	0.00
19-1472	5684761.50	7423852.77	0.00	19-1473	5684760.93	7423845.27	0.00
19-1473	5684760.93	7423845.27	0.00	19-368	5684714.45	7423930.86	0.00
19-1471	5684761.12	7423858.53	0.00	19-1472	5684761.50	7423852.77	0.00
19-1471	5684761.12	7423858.53	0.00	19-1563	5684755.46	7423875.29	0.00
19-1470	5684760.37	7423869.90	0.00	19-1471	5684761.12	7423858.53	0.00
19-1470	5684760.37	7423869.90	0.00	19-1595	5684757.93	7423876.98	0.00
19-1469	5684758.58	7423896.91	0.00	19-1470	5684760.37	7423869.90	0.00
19-598	5684791.20	7424009.98	0.00	19-599	5684792.59	7424032.72	0.00
19-1017	5684794.51	7424064.81	0.00	19-599	5684792.59	7424032.72	0.00
19-509	5684788.28	7424010.65	0.00	19-505	5684788.67	7424033.29	0.00
19-505	5684788.67	7424033.29	0.00	19-502	5684647.46	7424294.66	0.00
19-606	5684786.27	7423993.26	0.00	19-598	5684791.20	7424009.98	0.00
19-509	5684788.28	7424010.65	0.00	19-510	5684776.95	7423972.25	0.00
19-599	5684792.59	7424032.72	0.00	19-604	5684816.89	7423986.68	0.00
19-606	5684786.27	7423993.26	0.00	19-608	5684795.62	7423975.79	0.00
19-605	5684785.03	7423989.05	0.00	19-611	5684818.08	7423926.56	0.00
19-605	5684785.03	7423989.05	0.00	19-606	5684786.27	7423993.26	0.00
19-605	5684785.03	7423989.05	0.00	19-597	5684779.87	7423971.58	0.00
19-510	5684776.95	7423972.25	0.00	19-506	5684772.87	7423958.22	0.00
19-506	5684772.87	7423958.22	0.00	19-484	5684770.89	7423961.44	0.00
19-2469	5684774.95	7423954.85	0.00	19-597	5684779.87	7423971.58	0.00
19-560	5684791.24	7423928.26	0.00	19-2469	5684774.95	7423954.85	0.00
19-561	5684767.53	7423929.66	0.00	19-2469	5684774.95	7423954.85	0.00
19-506	5684772.87	7423958.22	0.00	19-1922	5684760.19	7423914.60	0.00
19-569	5684766.50	7423926.15	0.00	19-559	5684763.17	7423914.83	0.00
19-569	5684766.50	7423926.15	0.00	19-561	5684767.53	7423929.66	0.00
19-569	5684766.50	7423926.15	0.00	19-568	5684781.21	7423904.42	0.00
19-560	5684791.24	7423928.26	0.00	19-561	5684767.53	7423929.66	0.00
19-485	5684788.78	7424039.73	0.00	19-505	5684788.67	7424033.29	0.00
19-504	5684788.64	7424041.58	0.00	19-485	5684788.78	7424039.73	0.00
19-1118	5684788.43	7424051.80	0.00	19-504	5684788.64	7424041.58	0.00
19-1117	5684786.92	7424066.13	0.00	19-1118	5684788.43	7424051.80	0.00
19-1116	5684782.92	7424082.37	0.00	19-1117	5684786.92	7424066.13	0.00
19-1017	5684794.51	7424064.81	0.00	19-1021	5684795.33	7424069.22	0.00
19-1017	5684794.51	7424064.81	0.00	19-1027	5684804.58	7424036.66	0.00
19-1259	5684796.82	7424073.31	0.00	19-1021	5684795.33	7424069.22	0.00
19-1262	5684772.99	7424121.69	0.00	19-1021	5684795.33	7424069.22	0.00
19-1261	5684687.45	7424398.35	0.00	19-1262	5684772.99	7424121.69	0.00
19-1332	5684684.61	7424397.36	0.00	19-52	5684770.13	7424120.81	0.00
19-52	5684770.13	7424120.81	0.00	19-1115	5684776.19	7424101.67	0.00
19-1116	5684782.92	7424082.37	0.00	19-1115	5684776.19	7424101.67	0.00
19-1120	5684760.33	7424093.94	0.00	19-1115	5684776.19	7424101.67	0.00
O-112	5684672.93	7424442.63	0.00	19-1261	5684687.45	7424398.35	0.00
O-108	5684668.25	7424440.94	0.00	19-1332	5684684.61	7424397.36	0.00
19-370	5684766.45	7424130.20	0.00	19-1115	5684776.19	7424101.67	0.00
O-84	5684499.64	7424379.44	0.00	O-86	5684521.42	7424387.41	0.00
O-86	5684521.42	7424387.41	0.00	19-503	5684575.60	7424295.20	0.00
O-86	5684521.42	7424387.41	0.00	O-94	5684588.42	7424411.91	0.00
O-95	5684599.73	7424416.05	0.00	O-94	5684588.42	7424411.91	0.00
O-94	5684588.42	7424411.91	0.00	19-1335	5684601.34	7424388.00	0.00
19-370	5684766.45	7424130.20	0.00	19-1199	5684757.89	7424155.60	0.00
19-371	5684744.50	7424123.15	0.00	19-370	5684766.45	7424130.20	0.00
19-1211	5684731.73	7424146.78	0.00	19-1199	5684757.89	7424155.60	0.00
19-372	5684751.87	7424173.48	0.00	19-1199	5684757.89	7424155.60	0.00
19-373	5684722.52	7424163.81	0.00	19-372	5684751.87	7424173.48	0.00
19-372	5684751.87	7424173.48	0.00	19-1201	5684745.36	7424194.03	0.00
19-1201	5684745.36	7424194.03	0.00	19-1202	5684734.23	7424229.84	0.00
19-1213	5684693.65	7424217.23	0.00	19-1202	5684734.23	7424229.84	0.00
19-1202	5684734.23	7424229.84	0.00	19-1203	5684723.84	7424263.26	0.00
19-1214	5684676.71	7424248.57	0.00	19-1203	5684723.84	7424263.26	0.00
19-1204	5684713.49	7424296.54	0.00	19-1203	5684723.84	7424263.26	0.00
19-504	5684788.64	7424041.58	0.00	19-1120	5684760.33	7424093.94	0.00
19-1481	5684714.34	7423833.30	0.00	19-1480	5684743.43	7423832.84	0.00
19-1481	5684714.34	7423833.30	0.00	19-2476	5684718.64	7423825.90	0.10
19-1482	5684718.65	7423819.74	0.00	19-1484	5684707.50	7423816.40	0.00
19-1484	5684707.50	7423816.40	0.00	19-1485	5684580.57	7424063.00	0.00
19-1481	5684714.34	7423833.30	0.00	19-1548	5684645.28	7423964.01	0.00
19-1480	5684743.43	7423832.84	0.00	19-1551	5684671.92	7423974.95	0.00
19-1551	5684671.92	7423974.95	0.00	19-1548	5684645.28	7423964.01	0.00
19-1551	5684671.92	7423974.95	0.00	19-1552	5684684.78	7423980.24	0.00
19-387	5684689.80	7423975.80	0.00	19-1552	5684684.78	7423980.24	0.00
19-368	5684714.45	7423930.86	0.00	19-1566	5684690.07	7423975.66	0.00
19-387	5684689.80	7423975.80	0.00	19-1566	5684690.07	7423975.66	0.00
19-1640	5684674.38	7423989.49	0.00	19-1552	5684684.78	7423980.24	0.00
19-1930	5684623.90	7424004.48	0.00	19-1548	5684645.28	7423964.01	0.00
19-1636	5684625.87	7424103.34	0.00	19-1638	5684654.08	7424048.46	0.00
19-1637	5684645.53	7424080.11	0.00	19-1638	5684654.08	7424048.46	0.00
19-1639	5684654.65	7424027.89	0.00	19-1638	5684654.08	7424048.46	0.00
19-396	5684633.48	7424094.10	0.00	19-1636	5684625.87	7424103.34	0.00
19-1635	5684605.26	7424128.34	0.00	19-1636	5684625.87	7424103.34	0.00
19-1504	5684569.58	7423851.27	0.00	19-164	5684505.52	7423824.14	0.00
19-1503	5684527.52	7423909.71	0.00	19-1504	5684569.58	7423851.27	0.00
19-165	5684481.84	7423887.88	0.00	19-1503	5684527.52	7423909.71	0.00
19-165	5684481.84	7423887.88	0.00	19-218	5684479.04	7423896.15	0.00
19-165	5684481.84	7423887.88	0.00	19-166	5684493.22	7423854.18	0.00
19-164	5684505.52	7423824.14	0.00	19-166	5684493.22	7423854.18	0.00
19-219	5684514.46	7423802.30	0.00	19-164	5684505.52	7423824.14	0.00
19-440	5685889.04	7424916.04	0.00	O-365	5685335.25	7424998.40	0.00
19-1373	5685620.47	7424563.03	0.00	19-1337	5685511.95	7424526.12	0.00
19-1337	5685511.95	7424526.12	0.00	19-1851	5685522.47	7424498.70	0.00
19-1336	5685495.71	7424568.47	0.00	19-1337	5685511.95	7424526.12	0.00
19-1374	5685604.25	7424605.37	0.00	19-1336	5685495.71	7424568.47	0.00
19-1852	5685491.48	7424579.48	0.00	19-1336	5685495.71	7424568.47	0.00
BRAK	5684776.86	7423819.23	-	19-2244	5684764.02	7423842.15	0.00
19-2479	5685298.44	7423888.24	0.10	19-2478	5685300.83	7423877.53	0.00
19-2478	5685300.83	7423877.53	0.00	19-1569	5685304.85	7423867.28	0.00
19-2476	5684718.64	7423825.90	0.10	19-1482	5684718.65	7423819.74	0.00
19-566	5684774.90	7423879.85	0.00	19-565	5684762.78	7423881.63	0.00
19-1201	5684745.36	7424194.03	0.00	19-1212	5684711.81	7424183.63	0.00
